34541863
64163367
91231901
73262676
44256816
86988864
11714098
83994646
67048711
23771716
86198326
14261867
24140059
6850209
49140998
68170903
21597117
295517
32207100
51351302
5728014
28596933
13026402
96146814
12694768
89718302
70832512
27744077
49771608
52240819
99634927
24907044
78310590
51028231
25629622
7279373
51391183
21044178
40387124
86578200
70564929
87390798
50179591
23784496
13662809
41803903
18318842
88409165
19596712
8719957
72932673
79206750
60202749
34707034
89801755
44223284
37675907
34838437
98444741
98865920
62476197
77568553
21323861
41356845
35956022
21051977
47372349
35498188
62325062
53828396
94119480
51630558
38589847
76224717
12644061
61314842
46052429
47060347
7935043
70875955
56804361
28865322
82263578
25345186
43575579
64952266
16135253
69023354
98864751
8353769
18036057
84747429
48202661
38035986
36904469
38837163
65301952
78121572
65384019
17573739
86120751
43096270
47728740
652362
15475415
62437709
62315111
38468214
76573247
64160836
99532708
24104865
63253763
58012107
97127906
25920413
91070115
98719226
70924884
30834988
64428736
3366982
1475311
87257460
23756165
50140163
40155554
26593852
89386122
36629203
8822710
8233522
45586855
9888196
45033006
69461394
25771826
19204398
76650663
45450218
72845813
55982698
52265835
3648368
85876417
71438011
22371016
82377606
59482302
92998610
77797992
42023223
99785935
21070956
80143954
21187631
86885905
12977245
53143898
27632240
2139640
32181268
18988391
20073910
17968114
91869203
67987611
10928224
73574678
29654737
55821894
36100154
79965360
83407038
47480070
84539520
15951532
53162898
71209500
6459419
81325903
31102447
94004268
10979723
89567993
712559
22082163
41224658
98927491
36378213
77972406
95174353
40213117
67371383
40173854
64342551
303660
75380687
5183693
23927567
58324930
42431843
34487429
50781944
38520918
93221206
25862681
26304459
87624166
31557782
10509340
60953949
80045583
92001300
67829249
1953925
4446672
30435145
40830387
70147689
1278431
64061284
86321248
50933533
83104731
95735217
81269231
39303359
44874522
47482043
56094445
37457534
59811955
17663375
81492226
54912977
11830996
43230671
14015067
4179255
10667321
25958491
36821538
17092736
49587396
15013468
56784842
42216237
87979586
65612386
29603180
48365709
34236961
13250922
89904598
42364257
65064143
72150572
97120394
20138923
53112492
43583400
41098335
31975743
41158734
91392974
56132807
43341600
43262273
30603688
9156135
64977888
96427353
95132338
86164529
7653207
85639257
12436646
40916023
92053608
66668900
39260991
78910579
64437633
46337945
22377815
91831066
65446452
16889337
99189322
62892347
69831560
5861892
8396952
35781051
61175706
97574404
34568403
60953118
97452817
23846921
6150044
40048324
55001420
17896384
31924889
14553285
45349196
92039899
68371799
57624336
28423537
31766317
48675364
84341431
14430063
75889523
15150371
50287060
63883999
49881766
59969392
61248471
64635042
32775808
56246017
21438286
59509952
18378582
38173725
56827051
29904964
33282498
14708569
36151751
88033975
28493337
53153481
90374791
75906310
59464593
980973
46384672
73879377
9076207
29330706
84430950
20470500
43378048
79155167
79649195
87798440
7180418
16272453
2148918
62742651
86915847
67159705
36868108
15480588
16246527
17535588
17170970
20277860
73333463
29071332
38960450
22493812
29687169
5050644
29189613
85967160
22174866
96789758
14169843
40663548
58569561
16759958
38148100
69296555
29508346
42364374
55348096
85489096
11475049
85080444
12697630
84268896
8873112
69840739
48086335
47863787
34267821
80237445
12444060
69304426
56611470
21223277
88301833
37910722
27821104
99657399
88190790
3431737
23338098
70456282
80773359
16051717
53389254
76407432
72714226
77036039
80280737
88332693
62633180
56252810
40012727
87043568
29863101
29311166
69170403
37053871
2134346
88236094
66719533
6112401
48964966
8078366
37104630
706925
26976414
87340664
92361635
63689843
31175914
84389640
68786330
91989718
83715234
59048135
7183277
22386234
70089580
37970940
71453557
29139104
82140600
99284890
69514125
82832464
84914462
40619825
19578592
48305365
42969214
75081613
40908371
77411244
89832901
14148099
75937826
15317640
22790789
44954628
88819587
92729410
28118128
12533811
36042004
83272895
68833958
82705573
32603633
36280194
28486799
95637655
82593786
46253216
76004142
40633297
440556
242146
80584548
39892082
28062325
61528025
87112784
10012614
81992475
54702678
41925941
11813722
86325596
6840573
78783370
81480461
67841515
10476868
89127526
47961808
96700602
88610708
89091579
81344637
72076281
61181383
60549248
63142001
47346845
19733961
83446909
55401221
74730899
19441018
56839613
44586426
44586427
19665973
48094997
43225434
60534585
31245780
60530944
5053103
18246479
71652522
5052212
15629801
55550921
40424929
78621186
39389320
42233477
90161770
53950487
80949182
65899613
54772065
86325573
76589815
4549095
5361647
79867938
61679541
24184846
35537251
32750341
68144350
13313278
36916401
83755611
47474172
40133511
50371210
6103114
84990171
80141055
46009906
78651105
11761845
83903521
9999961
84962466
35149085
21362970
72378329
99426834
81933259
93850652
29616941
16899564
6625096
32452818
58400390
16255442
1474910
49522489
30587695
6628343
32360466
94022093
22996376
33731070
33655493
94662235
77207191
59808784
20747792
85605684
39168895
52497105
15471265
15381252
56535497
42901635
79418928
39256679
25655502
58685438
83392426
61127349
32696942
95472621
84808313
16768387
53606874
51254277
42129512
89235196
25247218
65240384
51562916
18322364
84677654
59380081
8058240
93437091
7670542
58696829
74130411
84845628
75252099
45547649
35539880
92142169
50122883
44702857
36211150
2095764
31677606
50896944
96029574
67381587
56562619
36262024
40279770
32754886
41426869
55761792
5405694
77498348
92510265
54484652
76792184
93969023
65169794
76218643
90654356
74416224
72278479
73580471
88671720
67284108
11901678
79409334
52833089
38670435
52319752
91351370
9925982
9012916
67779172
44028461
80254726
53519297
60992105
87564352
31053337
4068622
89040386
9925983
22835145
25435080
43906884
49003716
16516630
89258906
52900379
88305978
58131925
19462747
11613567
78564023
9109991
2009101
26775203
28190303
17377751
52869807
77152542
3072808
36442179
87390067
38562933
85215458
41902352
49460512
81105204
46710683
73652465
55610595
58820853
33236860
81470373
75498415
9047460
73534250
72714392
14785765
76913983
69031175
81983656
82944432
70194827
78509901
39507162
58268433
97023549
28470714
11685347
89041555
70138455
21051146
26302522
98239899
21466326
69537999
52198054
6602300
16984449
92518817
5464695
15177750
82422049
30653113
32015116
49267971
35215622
51706604
61802346
28348537
50920465
96565487
60161788
25880422
94689206
72580321
79636594
48115278
34743446
48115277
30757396
97783659
84988419
24672164
13438207
25551951
14568951
55969226
40217358
50903514
20871001
54582424
98884569
14089428
7953868
35282433
38517737
55410871
53347303
57043986
59822133
53183600
2129638
23995346
89631139
41396436
22346472
40634253
21340051
8715625
12146024
48531733
57409948
79402185
6890729
45898858
37675138
21239280
47778083
98456117
59834564
263926
68963107
24425055
96704974
2204140
14087893
91595718
38699854
12986778
80457744
13316346
66947414
84824601
20546916
81386177
76532077
9540040
53610653
32296881
48582558
52090844
61156777
45025640
16507828
87910978
81919143
17313545
39531794
85668449
59258334
30548775
74277583
66740005
9852718
63851864
22923081
71413901
69217334
78474168
96218085
20101223
52840598
24707869
16719802
3105404
2102065
50321796
27217742
41587307
60930169
6353603
66762372
92572371
58504745
93751476
49785720
43748308
61472381
98093548
70355994
17475251
74168099
89856523
39699564
37057743
62694833
44860890
66084673
30929786
75132317
1662004
2521011
96381979
93294869
79126789
6214884
36569343
30155789
53586134
61622107
80075749
61968753
6104968
10971759
86643777
47185546
23979249
70026064
9418365
53678698
63049052
35183853
30338466
32339440
73906480
66727115
42551040
88940154
68601507
89662736
23857661
59251766
16157341
94096616
10860121
69723159
11958188
56574543
86868952
5818294
80555062
32202803
68618157
1855932
75840616
73289035
55599882
33611061
36088082
69380702
86690572
48976825
41859700
59364406
24294108
26293219
18937875
25669282
80163754
50243722
27191436
17655904
78193831
3428069
86240887
63676256
11790356
4998619
84740193
49823708
83991690
75987257
7150545
35011819
36935434
17597059
91449144
74440055
9342162
21501505
9748752
67692580
78637313
97803170
73199638
65743242
16970158
97077563
4861205
45133463
51773900
5244497
47695416
91754175
11384280
14702066
95614612
16021142
28120197
29716911
37806313
15981690
52112003
42256406
51047350
72892473
26701483
4694209
88513608
57953380
42664989
7044562
72767833
12183332
48712195
85087012
45812361
4168871
54977057
39701395
32566831
46848859
59957503
82633039
62121
13513663
44209392
95841282
65959844
95727991
14289852
96501677
54360049
45955628
50619462
93220472
43912676
94381039
55569674
28890974
32995007
84491298
45531624
91152256
51394546
33129626
1801154
82340057
24175232
7623640
28106077
83021423
48276469
1248895
51449743
57139487
3171055
96930127
25050038
9581215
85893201
13764881
9952083
88190453
22205600
77252217
65393205
44430454
82382815
18914778
25652655
24673894
34966096
4923662
72630549
55878038
61044390
21082832
31385077
97439308
97940434
4081825
36407615
1434352
15256925
76766706
9596126
11593137
94243005
46609443
47829960
13179332
85325774
94886282
84482694
7841921
49191560
50412166
37421579
69313735
27189308
81599449
55100740
18993198
525110
45037489
12021072
4796100
79229522
64599569
84058253
16956455
56532632
61488417
7198399
40884383
81380218
22916281
21888494
99902789
95905259
25397880
94766498
20154092
4357063
52158283
15941690
93730230
51435705
88552992
72837335
25163248
87430304
38007744
67559101
24861088
26345570
93543806
90951921
5291803
2089016
65591858
17363041
42682609
16241441
42239546
43751755
29246354
46910446
18271561
95888876
72287557
50916353
8508055
79853073
57143342
59388357
46290741
41218256
22479888
58518520
46613515
33900648
45778242
77087109
75041269
86871615
86871614
78082039
9348522
17810268
79703905
43318266
57610714
83604828
20003527
83982270
56597272
80825553
13474291
16197610
90135989
56597273
92667214
42541548
3534077
86801871
75109441
42338879
33413638
40240595
77840540
80368942
43644025
56641453
99342953
65830223
24661486
40383551
7565547
52518793
8964854
8806072
44800181
10375182
78184733
53388413
12197543
43417563
40465719
14772491
27450401
48216773
83602069
20501450
57093995
15721123
31000575
43513897
15871676
41269771
16906241
42391240
86825483
47579719
70908596
17129783
63545861
26329679
78364470
2091298
38495396
70624184
78486968
44635489
78358521
35631584
90156158
4820694
35544402
40143123
14759024
16616620
69270537
83544697
10925955
68057622
46259438
33244944
69035382
96420087
23204029
82639107
21843307
66457407
26376390
42566602
18517177
59385322
13997673
36560997
8057630
30770156
34290067
2561846
27450400
8267140
84012625
68319538
51192573
85679527
38999506
23265313
5519829
38834303
42309337
94561645
11136371
30488793
24449083
74458486
91782219
32835363
28637168
18828179
69042950
87526784
23915499
50319138
93889755
67494157
53713014
5780210
15305240
78811937
52571838
49144107
49600724
24566654
38250531
14618326
30270176
34761841
46696593
18654201
24082387
46961802
20862918
37083210
73146473
74976215
77998771
95511642
73853830
57728570
39712330
95326659
69937550
32933942
21698716
68215963
32710364
7093411
95600067
35486099
9334391
87259933
93169863
14469229
87475570
47121070
8275702
96331676
10004783
79531196
82099401
47408488
3576031
76359406
20050865
52176579
99274184
56049970
93665266
13455674
66938505
55326322
83443619
3422200
29838323
55326323
17530001
2434862
1218214
9659580
8837932
35058588
27178262
37812118
69526976
1566817
11851647
85802526
14509651
41398771
66742250
84970821
28279543
7241272
2926176
12863633
94377247
98867329
42199039
46967601
18489208
58851034
22026707
77235086
39618799
3629090
91668401
78316184
59907935
68774379
10248389
6400512
39439590
70095154
23893227
59281922
1142880
58069384
29975188
5373478
60600126
1546123
91663373
30655537
76763417
80316585
76986005
4162088
12670770
64268668
37057012
30042158
76103404
29719112
3370104
2158562
39978267
86686671
33041277
89112729
90440725
32393580
63224564
63261835
44865098
75559356
63477921
49375719
42600274
74157028
3657444
69015963
48766543
45078193
82562802
40418351
77625948
41230939
80033124
44352516
3019642
18967507
55704856
96428622
58199906
59023523
82428674
47295267
91269402
14505685
51020079
34614910
32828635
5494820
22147147
29612557
45945685
34767865
43405287
8698851
74329404
9201964
89899996
99075257
99357565
79279397
26841274
81057959
2833249
9910360
70074904
48148828
24508238
44792253
8628798
52702748
75991479
3773196
89015998
16638212
48092532
51701885
86498013
5606466
95291684
37043180
7572887
82112775
9622164
19808608
39153655
33334269
19580308
12822541
72291412
48210156
72181263
32146097
17979378
81571633
8643186
71069715
46796664
74605254
11609969
19302550
46035545
45206713
59123937
83303851
811734
47198668
56619314
8463720
74583607
6766208
987311
72648577
71612253
74069667
82956492
51497409
76029419
44186624
3758046
27873305
41090784
10755984
581014
34109611
84766279
2766877
42542842
44584775
28378427
95448692
60741115
87106146
50613779
46031686
35268887
59546528
52738610
59983499
90925163
76895648
48588176
83531441
97001138
78144171
72520073
41949033
80071763
67049542
11321183
57784563
86805855
77538567
44341034
49702428
75190122
12071500
8634636
33875961
73452089
32344688
53527835
1804528
37209439
60168186
46372010
73360025
9765723
45974017
70231910
91596726
3701074
65824822
70187958
18803791
65287621
89111398
81755371
21417692
88643579
4614116
29436665
674561
90928333
13722870
67904682
94820406
41114306
70676581
9159938
14536035
75326861
53129443
16964437
66214679
19357125
5562461
90980792
53375573
85313220
12817939
58206034
2314238
99789342
111280
41735184
70168345
82404868
47222536
46986414
38033121
43892408
50725996
40737112
41721210
41722932
97642679
74713516
1102515
20522190
31829185
38107923
98502113
13193642
89558090
99261403
45462639
9287078
97021916
85562745
90724272
53982768
54693926
76045757
92377303
69402394
61587183
6967870
48768179
74153887
40933924
40196604
41930553
8198621
81759748
38167722
93599951
32646477
76614003
89494469
83269557
50164989
65282484
35565537
10131855
74117290
61623148
93554166
59784896
38247752
45895206
35798491
39343610
30127518
17881964
25460258
29876529
76202610
51728779
14517422
58787301
55690251
47664723
52840267
57579381
25451652
25339070
11260714
88234365
92807548
80168720
93709215
76925842
70054514
34659866
57662975
64414267
83584898
43500484
34257001
84816245
23331401
84816244
6351548
57549932
29116732
95286165
19159413
32441317
69122763
14943837
65703851
10209545
35027493
2732323
25034083
69542930
17559367
78868119
8649148
22804410
1586457
13314457
28593363
24128274
76353872
92327802
51782995
2525268
71417170
24268052
37421075
36995273
50426119
87621407
85718645
39719977
59839761
57568840
12262393
12079734
48934760
86124104
72426662
72575145
8279188
37798171
39131963
44883830
12965761
81985784
84451804
78613627
69579761
2326738
33695750
81059524
9637706
42079445
38981606
93747864
81977953
13409151
94693857
59368956
75944053
22227683
55106249
97588916
25494711
89544521
42908201
71200730
76728962
34149830
72192100
22634473
94212438
45809008
76263644
55461064
77608643
63362460
30757127
26964762
81866673
64184058
54749427
39829561
13093792
17132130
69394324
41613948
28355718
36625827
40591390
66262416
91691605
93431862
80744121
9411399
83965310
15294090
35464895
73481154
80186010
18739764
59235795
98956134
62980542
5616412
21219755
32104431
41940225
77859858
11232355
89086566
20985997
62587693
88176533
90311614
19327348
96967123
88757791
29424328
81994591
95169481
19980975
84257640
17257342
69893315
8868767
83241722
88482761
59905358
31863912
93078761
62893810
3493058
96015976
11961740
62437430
50939127
39900763
56460688
31849106
87880531
29948642
81782376
68950538
32465539
58600555
83048208
85004150
12615446
94344242
32295838
29515122
95194279
1896112
1596508
44046281
54175023
73414375
80560728
54297661
17787975
36733451
81674782
98666339
70342110
22959079
41128647
32134638
368382
37752990
77116346
74582050
38988538
64973287
63251695
41554273
5067884
1580833
22638495
29996433
48372950
54446813
35770983
61764082
24623598
26834022
20727787
19612721
98999181
15595052
76137614
76446915
41113025
42149850
40826495
77561728
10032958
20277376
67964209
62113340
61757117
57902462
81066751
89914395
31423101
15854426
49010598
77153811
33145233
30492798
34358408
4141820
97843505
27340877
74701381
56769674
6260554
79997591
22171591
47013502
19700943
57996334
85310252
75421661
83274244
39432962
73866096
59724555
1003028
95816395
57062206
42143067
25882881
99721536
30325729
16972957
32663969
3493978
76922029
94073244
10389794
76039636
94944637
78700060
58616392
6021033
1764972
64379430
46173680
58369990
53855410
66395299
53855409
67464807
84916669
23965037
756652
24194033
82050203
34187685
44436472
75652080
44883600
28355719
38179121
64319467
73239437
72621670
94770493
5914184
60832978
17643265
3682106
24096228
43422537
67223587
63730624
51976476
21007444
96540
27995943
16960351
90887783
42596828
65737274
16435215
45593826
50045299
38955728
76066541
21970285
64262809
14017402
87835759
29228350
63018132
62873545
99659159
55763552
80513550
71867500
28563545
41620959
45467446
9197735
1435851
66672569
95697223
55991637
71490127
54178050
20638610
5325424
8198620
70681994
83980492
78009994
38109772
72549351
51531505
15146890
73779005
34898052
36870345
88361177
63487632
876330
54455664
99594764
29253591
13361027
60004971
28183605
80549379
48891960
25682811
900787
34116027
12496261
80159717
21249921
28927782
54578613
81661951
25988873
59755122
52977572
18060565
92868896
81962318
43250041
80193355
51925772
66973070
13215230
74665651
1050355
8687195
28265983
24137081
88733579
56286179
3429238
99050989
71218746
473469
97973387
16353197
47475363
7445307
43803845
54813225
14506878
12766474
12493482
51228280
43017476
31476755
35195612
8414337
60082869
38049934
20137754
13455953
67310848
46508640
46984349
24721709
25123713
7409792
213326
53693416
22812068
59820352
53461122
44710391
10875327
46263076
79798060
69931927
33537328
64187086
15187079
41181774
67987302
67105242
29934351
96907086
82828051
61864793
60866277
54407825
42578427
88341502
85551711
96471335
46128076
16825874
51858306
4192696
97342942
84361420
73178098
96914272
44178886
59463312
40844553
69954399
6367785
61737116
55875323
11324436
37820550
7914843
90219263
79514956
23118924
30314994
65260293
92755808
66712593
97623219
94253609
32965616
40854197
11502550
55171412
21844576
59793705
63060238
64655485
79979666
58932615
80908502
17032740
84327329
95486586
28677304
41517968
31111109
29343734
33574806
35809262
81566151
69572169
16304628
85507811
48996569
36841733
3642509
98266377
41077745
68745629
62107981
95362816
78512663
5128859
14225239
52031567
81003500
89252153
5285665
89943723
69884162
72926163
1945387
37195861
41436536
60493189
51085303
89312388
47737087
25366484
88820235
45195443
20721928
81197327
49352945
40044918
83121692
74711057
22061412
61204971
9327502
55615891
10526791
86188410
75434695
99414168
36586443
11167052
83032858
18214905
19036557
72819261
45702014
46425662
85166216
12160911
88845345
39897277
73872164
6390406
9845733
28649820
64154377
24019261
53046408
67723438
70628672
43580269
42685062
75043725
6103294
33022867
11250655
21672573
15237615
58818411
96355986
30531525
75376965
8198712
7845138
40732515
98045062
72631243
56916805
57006589
26022485
82556059
38280762
57274196
76909279
91862578
38695361
62878208
94716515
54974237
23064604
74364659
7407724
18235309
31550470
24326617
84653834
99070951
35787450
56606928
82162616
95051344
48680970
11460577
40177746
64382840
32013448
31467372
71203602
76372778
11877465
57272170
21496848
15684835
8400623
17616743
43011492
6494106
70122149
28957126
44133040
7610394
79400597
13650422
58332301
95943058
50304345
50282757
22160245
21947653
58554959
86676862
45659520
13293158
85431040
75524093
42679662
36757171
79785958
77841719
31456110
77542832
35209994
4756629
40921545
8814959
359563
72429240
5284653
38273745
4058065
65884091
78663366
3536537
64815084
88760522
5338223
24362891
8632967
34026662
14154221
74100225
96872283
80651316
39672388
17045014
23234094
16480084
69633792
54266211
56240989
91903221
55488859
3283679
88095331
28877602
20855340
81873903
52875873
93504463
42752141
18511599
53180020
63749102
5556668
3160805
17484499
95451366
26725158
74131780
12600382
33396948
20586572
40529384
33413279
52140003
38210374
7080743
984114
68456353
95676943
94937430
7405310
95376428
32391566
55737443
64511793
39271553
39838559
66322203
93449450
75676192
2144946
32036866
38532954
67045745
75059201
49655592
12235475
53199020
86840720
60434101
24040093
19439119
97439806
39477584
97651498
8316661
49633574
47395382
47217354
72328962
46833854
73040500
54048462
39276790
7030340
48742406
51960178
20315854
22419772
28290705
45425051
19684740
97687912
20188127
52022648
55623480
73507661
68401546
17653779
37160778
75582395
41234315
22628574
78387742
3027001
49674183
26099457
89731911
31887905
21390858
68881649
4376658
40542825
31764353
36553319
77910045
68396778
11881272
34193084
55416843
19394153
71060915
32271987
50785356
3954901
73176465
50866755
37406863
41392891
7153114
89529919
81172176
60743819
77456781
26566878
66235877
22855882
52800428
58607704
31890399
24874630
50078509
81035362
68054593
55428811
6178850
36205132
95308449
18591904
73134082
16832845
23269426
51549976
17956906
87622767
60369732
92595643
48310593
78275321
43061293
88435542
93754402
19059929
33665663
70329348
57103969
44920699
10719350
36499284
18621798
69000994
54149433
96594609
66413481
23015896
57554544
46534755
64752646
53581214
27132350
53927679
98596597
87473172
53293545
46173679
13846680
27054370
71407486
19932396
33622465
32703716
21507589
58873391
94626050
62023839
10560119
66853752
51282878
66788016
70946699
99267150
33034646
60862676
42599677
12883044
58528964
34460851
58098303
41089128
79444933
45231177
66499018
2830619
54326448
13761956
40189917
60718396
68226653
91711547
23297235
77372241
21615956
95621257
28332833
53714009
13708425
96890582
17236839
17390179
39956951
9267769
61807040
19642774
209710
75560629
83812099
81278754
69599136
32887445
3966653
94388754
21772453
57261568
81752019
16024176
17141718
43413875
30786387
95952802
45010690
11954712
66765023
31987274
16898077
88875132
5628232
97697678
63741331
6614221
98252586
63175639
81439173
35726888
88369727
83778600
28429121
25789292
10833828
96864811
27243130
54773234
40583194
97806240
87430998
43889633
84536654
26931058
50091196
11493868
86997073
66288028
62337487
77454922
39299733
31683874
68078978
32305461
6311717
79890560
5298175
27895597
55586621
82971335
70252926
71870152
34471458
57869175
84218527
29088922
82693917
91407982
68663748
47325505
23869735
17706537
43785278
88753985
27198002
72029628
69584564
26781870
75025112
16556849
49681811
85359414
98818516
62154416
12398280
93830681
38742075
46181000
12451640
55589254
99940363
6631034
94515289
49998907
1781310
9373534
2994495
48206762
25853045
4931121
45178472
70865988
81000306
39564736
53830602
38538445
39711336
51632798
17194258
52947044
98336111
33550694
73026394
6205579
18511384
22829942
66127916
26902560
74335036
37684215
59432181
27967615
1641882
77565204
64107820
90642597
87902575
4130270
37955049
10002346
47985614
54497620
28002611
86281779
21715135
9583383
94203886
44250812
12014404
3606728
67120578
26082117
28884172
91499077
387282
82052602
17494901
21831848
90673413
18446701
917796
57782164
49003308
9053187
91949988
58601383
97204936
14258627
56594520
51355346
66889139
6368038
50354944
34130561
15989522
40371092
14882493
5133471
9024367
60222582
35950025
98263709
52340274
11066358
46659709
80887714
77098449
98555327
54507222
97617181
9260791
93717133
16229315
77491079
32530043
2106266
37313786
15502037
11549357
85709845
24291651
65758454
64681432
34536276
11801343
30646525
90844184
78577570
88283496
49888191
14977074
59019082
12800777
22382087
19012345
8102334
49258578
25833572
19737320
40089744
93431518
7512044
87751584
79337169
5818798
28912357
30190809
423705
85651167
57046845
29087919
47030842
6148016
19891310
92693205
71786742
1045143
45286019
923596
73428497
72370114
47687766
45458027
37694547
40392714
11662742
57753602
27004302
19019586
41777
90019393
72056560
71616908
13108445
67985943
76908448
69243722
1264319
91731841
45662855
19355597
47611119
99645428
81846636
39512984
19163116
71594310
93379652
76614340
27126980
43114901
3113836
49597193
54620698
8692301
53408006
64734090
18096222
81601517
69140098
67688478
26254876
91798373
68366996
33846209
19041767
67045174
69247929
53921056
9056100
81275309
85787173
34460239
31038159
98147766
66165755
91438994
64034255
20127343
38049541
27827903
68450517
94622638
63211608
57238939
83500096
17760003
52709508
56511382
93211836
24432029
68505803
89211486
53944920
89333528
19182751
30399511
51827737
67483216
15605085
16828633
52222372
4904812
93882364
49370026
42155488
33972299
56704140
15248594
24668830
77936940
21887179
84046493
23379054
44663232
59965151
13386503
13965201
67113830
33347467
35268888
75367227
80802524
46925518
85463083
61318483
80885284
97584500
86516889
51196805
32224143
16279989
50527144
72913666
27491571
84472026
54490275
51099515
95265975
78266168
41762634
58185394
72299832
73698349
97017120
58831685
80280944
41403766
13039848
80723580
96981563
82257940
93912846
98792570
98299011
43793530
8471389
47606319
82116191
63422098
33621868
53257892
79080761
53776525
38445524
45894482
69933858
36354007
76436988
51828629
79086452
76543119
92418590
20032555
56427559
7593748
8226374
39806198
55204071
29216967
43598843
92821268
84620194
67111213
46159582
92784374
16693254
36227804
66399675
73551138
39905966
19959742
17241370
63942761
9236985
30334522
37557626
29888389
93506862
47106439
66729231
55465441
13224603
42592719
3779662
90582719
52502677
7573135
41470137
16990348
25924653
31247589
33652635
57731460
73285669
90957527
48156348
27346636
4253484
2067935
78868776
5975022
29357956
67385964
29590752
612115
16003979
2619149
77642288
79580323
65984457
50893987
88996322
96216229
8730435
25407406
99013397
98891840
97234686
52394047
93684009
9780364
24285858
9677699
14464864
899287
61962135
75719089
92964816
67441435
78658564
66707058
12057781
18658572
18960169
85306040
4149689
18590133
34251483
425934
69632396
12755462
82324312
45311864
63665875
11868825
25259669
83743222
67959180
53493204
10236520
21155323
39674352
56105047
39695323
19667590
62476815
2948263
63583431
23116808
15367030
14472500
55010259
75500286
78004197
74029853
72283691
28565527
76203291
59156966
27408609
87102774
9666558
52323207
7526150
59797187
62835876
9744376
77799846
80233946
42868711
11793047
52648457
37168514
64379261
90764875
84401683
91148083
13504844
61948106
12097275
85638822
26285557
54088068
71555408
85008676
60461077
24073068
97688360
63364266
58901502
59255742
7391448
84305651
98637386
52467217
74137509
98273947
9032529
10992251
14291024
21785144
13944422
13676474
83039729
35866404
61468779
15545291
60229110
34230233
32907538
2906250
16632144
41249545
95166228
57270476
40937767
11448373
48343627
82542267
22134079
25262697
99877698
62473983
50712728
30213599
37101832
21663205
46955770
85646474
25524823
3381441
93023479
16762927
58139128
63695531
58657303
24317029
99523325
79206925
99690140
3825890
26084285
48135190
61705417
33737664
27094595
9391354
32022366
56931015
35220244
69319869
44035031
29618570
84442536
52145422
2759860
20056760
80250319
75361204
11813953
55691901
88989706
2356994
47942531
54622031
14141448
75292259
63176202
27796375
92736188
13429800
89405199
3972721
50263751
46668237
52182715
41172955
22910685
54747648
61831093
36584821
51232472
47506081
53829412
95744531
58314394
17243896
65623423
55608151
34370473
57346400
64283880
88928798
48653261
99581584
17052477
68007326
73544866
10755153
18175965
34022290
47150851
9633505
33460840
71799173
89272878
47879985
40659562
75209824
46037213
6990577
43411769
11012154
79905468
54629413
98301564
69865139
41788781
38975369
65749035
73079365
55321970
9897998
91662792
46044841
42082363
65277087
336369
28066831
33970665
19748583
9817927
31122090
18325492
74825788
97466712
28357177
6799227
73048641
20285786
88789641
80811661
44790889
17201174
26412047
32491822
98446407
78792195
97904474
7089711
20450925
84285623
5640330
99030164
20060230
68875140
94374859
68473226
31531170
58441120
90238142
68815132
34100324
56585883
76812113
91932350
27927359
54415063
65664792
86308219
12206212
66386380
39392286
75064463
18144507
39275698
52040216
75782277
85399281
93895605
39033131
21015833
23776077
38525760
74010769
8696773
31303283
96051150
37803172
1409474
43708041
83108603
38143903
5434080
31281980
35762283
32065885
47439573
45141013
13647631
34761062
39890958
23265594
52417194
74968065
54493213
80887952
17286057
60880471
67466547
47025270
76052811
66337215
21074344
1249315
94689635
94016752
60316373
87255382
56921677
96704018
82315772
82293134
19310321
45705025
17536995
84220251
37241623
57441100
52584282
90743290
44676200
37412656
19024706
191749
67951831
32679370
75141056
10489311
89987208
26647858
22020907
81167171
76442616
85854214
21924381
92609670
65848811
28194325
89774530
34143852
61132951
50491121
52370835
26885836
60645181
74593218
53466826
95920682
49551909
64697431
91677585
15555120
21516908
97007933
86943389
64501875
2047519
21840375
70000776
26232916
82260502
27337596
30794966
4022819
78033100
31516413
41639001
3300267
66789970
77901552
53670497
11975962
25377819
47360060
51365514
64514622
13140300
64332231
10248192
86585274
54579801
32542011
759393
75745607
46130346
96851799
11050416
81863068
46718686
76184692
10859908
40410110
37742478
80036543
69669405
38552107
21350571
64047146
71736213
82994509
82994510
75830094
11224103
48229808
9264485
67629977
39765958
36857073
43530283
8783685
15083728
97922283
93107608
15028680
65396880
30353551
46821314
5600127
90098780
92266279
71415349
90788081
95453143
36029076
30243636
96005454
73018302
51962254
80141480
11925569
15042735
25343017
37869028
47421985
12174035
22587018
82176812
22873798
80566312
38982356
2118022
62397231
2671330
95526884
37169670
99115354
40348946
10532969
20351153
22200403
21297224
77778835
19337371
53567095
66661679
32750510
69492187
14462257
20848593
20721759
65872270
67273917
59785059
61639289
96802306
23296404
50407691
24019092
24131534
97024987
93662626
38848158
10365322
79555535
95772051
83519853
75888208
49389190
70595331
81686058
62161698
73616671
28546905
15173384
35073065
41952656
32485518
86778566
96631852
4628897
52248570
77084837
62953041
33031674
3775068
84173492
55136228
68077936
6430659
47754278
19847532
58712976
23309606
8581705
18724123
99177923
85475641
9059700
7264861
49080532
51717541
98954375
72896720
25171661
18712704
17502671
51566770
14550855
71341529
66957584
86197239
56209279
54320860
13582837
15313433
74823665
52684508
17185260
14391920
35419032
27541267
81218874
90934570
27207573
18816758
94163677
54109233
76520646
54936498
4941482
20057949
79575620
39703254
97923414
3492538
96965364
35052053
91512836
37957847
91512835
7019529
16227556
25005816
11913700
59695933
19113101
36261276
57384901
80208323
25206027
93946239
23122036
28450915
56647086
3056267
26082229
79161790
98374133
52675689
74063034
13529466
85908279
48791583
12307878
95395761
87973893
21790410
87047074
68184115
38450736
44505297
26211048
66066482
259314
65844845
94573223
21977828
52601736
69207766
2461031
38643567
16550875
70744296
9628664
73431236
45072394
64662453
26157485
53152590
19974580
53274132
80769747
20457551
63018036
34545235
36623431
53039326
34559295
41916534
73405179
4042268
22657402
14730606
30069399
6544078
43543777
23850421
90876561
95214051
44364207
96235275
84673417
21770260
21558682
98954106
22454453
83968380
33784505
96287685
26932788
41182875
50532786
41440817
14851496
83725008
23635815
8487449
72992744
9742784
286392
43697559
25935625
40894584
90020065
77585513
51916032
35803249
9418534
94773007
55337339
8316565
64203620
5257687
30113682
57774843
55256016
4869446
85080048
41659072
42851643
25148255
42810973
79068663
59771339
51855378
37745919
43436049
1006081
58242947
11069680
68120130
74860293
56410040
37993923
34492631
67968069
78922939
63977008
60800381
38491199
65430834
10080320
80727721
17948378
43332022
80032567
11012887
16111820
71106375
5479217
17548456
36717258
23927545
45711266
44689688
48411996
85028288
48411997
62701967
59312550
65961683
24068492
62271284
26842483
26732909
60410769
52768103
51934376
7541475
69069911
19353570
15401633
1498130
39972130
80600490
94656263
25847467
34627841
76634149
94566432
52824910
17444133
6442944
93927067
97317530
68928540
9653271
97570038
41544074
72439556
12829151
95789089
84103702
6284176
48109103
85541675
92300891
49296203
39118197
80204957
3693034
2924048
11699941
16708652
79178930
24621460
30230789
24150026
93724592
50615578
6276588
23874409
22751868
3846170
45688586
66976526
66625883
33184236
70271583
23289281
54541900
71587526
78348934
52512994
81179446
51554871
62340868
48048590
66752837
54878498
80441106
1929294
23168060
135598
11501629
10759529
35629124
88979991
13756293
84686841
67757079
11398059
36021814
79109599
69455834
20438745
60433216
24590232
64788463
27503418
45452224
84814897
4266839
60519422
82627406
15767889
46237548
87210505
39037517
80367387
6320631
32314730
5817857
41201555
31692182
54520292
91985515
65026212
19642889
176392
10060427
49680980
74576482
12216615
68809475
176393
30936186
72258771
66816282
95090813
7243511
69456283
1184620
67724379
99171160
21908319
15710054
46083111
51205763
10698416
83293307
88316955
59575539
76512652
20960340
77363314
82642348
24384095
56283725
37390589
56514812
85705804
16404809
40640057
40703223
78355370
47432275
35112613
40817915
95144193
88240808
97590747
62514770
66526672
99551425
67284908
90147755
82005435
67511500
17358176
10736540
81128478
9430387
60764582
75850803
48940337
79418153
11125718
46272804
74717840
95993388
70156946
3111207
87756343
94675535
77007920
66970385
90330453
50847759
95254840
15667446
42591472
35911108
87322377
20394040
41741922
102380
11834972
88958576
38492752
45439263
31632536
15169262
14047624
8041569
123709
46404281
89893715
89609515
20374351
12986807
47658965
2407147
52786469
34086406
75991898
8611007
3989465
67468948
56256517
21893603
90263923
7902349
44519536
44935634
87010442
25614410
30461781
89397517
28754338
96458440
12324546
99747800
60258960
85800949
84565800
80019195
12338068
15327215
75116619
2511717
49721904
74094021
29981921
48505422
61854111
69320362
12472242
25280974
62543393
62543394
34318086
34103656
70298454
4392470
57201737
10538007
98225108
47226949
55444629
16475472
84397023
90500169
37198732
61850482
86223870
74741494
25290459
97385276
37721209
95992081
72022087
62957424
55818463
14318794
25165047
76214441
73206827
54766667
25132288
11471117
83027236
44595286
2362787
35577420
83880087
53341729
37231841
49587034
55226821
27671321
45023678
69162969
87259077
99365553
38737148
30126992
4722253
27407330
82579942
91349449
55501446
30502181
52665542
78845026
68812773
82324105
27551
92450185
23171610
29307554
64238008
23331400
4611269
61692648
93108297
55210709
68658728
42625254
45939611
73702909
90790253
34959756
34320307
20831168
40666140
64681263
52346240
18478530
67098114
35514096
8910971
17985575
99510761
81618817
40320754
95231062
45871897
17228908
34968834
58786132
96012004
82760689
34664411
67955331
68762510
36378044
3985011
57115864
95503687
56166150
34834619
57482479
81777047
48596760
51777272
94919024
14152693
87931906
48427163
11193246
88753594
84812868
50546208
62210247
11091375
84385264
22624373
10071151
73318863
4423206
98795934
31828916
39284521
5556499
42940404
51617185
78349103
23782705
60999392
11398951
39996157
25518020
38116136
25769732
63995093
46700124
70406920
89222931
30241314
94664694
79182538
97240270
31034919
79870141
43905751
34680482
49374988
48252330
14001430
26570480
75363626
89521713
91350799
12940613
11868731
26016357
52404456
12980373
79759367
77848740
74641045
44311445
37164373
71348837
75833426
20343502
60470713
48439321
23681456
25341652
83746708
62279055
96474800
59344077
67227834
82458280
77414722
1073952
61844784
64990807
10239627
43385557
96008713
91819979
23220863
39910367
18809562
28553439
6061630
46474915
81210420
51916853
35058857
64389297
85852291
8034697
32362575
7802006
3918345
43930492
43455065
18752707
98494543
53119267
30608985
43857222
11827244
25531465
7922915
30208479
47963370
35191415
31560081
50755
71696014
7084129
80304126
36045450
89448140
47929865
95833645
36750412
72903645
94940436
77133792
17841166
80352158
4740489
50074522
27331568
84877802
93013676
40695128
53620899
21524779
84055227
17214465
79629370
88241506
49366157
94784213
5153769
31991800
13611090
13972452
21159309
95701283
69303178
32918479
67030233
7841112
2783661
76473843
60102563
59951714
9074847
8794435
27827272
35330871
9433350
53063039
81384993
8310162
48829461
74509280
598988
55343236
18378992
36521459
75223115
37115575
44763696
27564031
31571902
99597615
6137095
14255590
13626450
72657739
61791132
98780137
35307484
42671152
40374923
71395725
93553943
54652250
80727036
49127943
13723605
43714890
11074235
19474136
38369349
33455338
95492061
73417207
2460565
24037702
19870120
28643791
29929832
48737767
63881033
93749093
71466592
44287299
21143940
87819421
82432018
28933734
20765952
29549364
56948373
57882509
48948935
53573406
87350908
77581312
39191307
59642500
89870349
62624486
58147549
50608164
10920352
22512406
10189126
21768554
67820935
75499502
25727454
16191953
55794644
24530661
49814180
27134689
34160055
75195825
45644898
22609617
41386308
80965043
41410651
14025912
14393464
16360142
52904476
80921533
24382602
59036972
94538053
30707994
39753577
2364438
51225407
91405870
93368494
21364070
50176820
63545455
10110717
16943770
4417407
67489919
53451824
22110647
66200210
20368763
26949946
41329458
31533704
72291078
15335853
30811116
67922702
904186
31480215
40160226
94667532
94412545
34442949
7359741
76211194
88494899
58843503
2694423
18551923
46820049
21817254
32062913
99628747
76209339
90444325
36849933
63056220
63233638
84504242
40204620
81823360
22046459
71544954
44139064
7562372
75390004
23032273
83035296
47731128
93715853
84754430
66022706
29415459
3715284
2137678
75733063
39648965
39109382
63468625
66594927
4545683
31930787
68140974
30221870
77864539
67328336
41475424
86569121
93018428
57523313
76833149
56401775
20129614
37256135
64245689
63804637
88942504
49905576
75675029
48700891
71098407
60080151
36565699
53832650
64442155
3580032
4252828
24435369
87047161
75180828
74298287
74371660
69293721
96682430
37781520
23899727
95466842
21767650
21954587
282886
28577986
58471134
22446869
59170782
22076135
48642904
97433739
37792478
65957473
75646520
9293977
24874631
55998462
68339286
7200041
42237854
7369217
87564935
68540059
50705071
43959432
41456841
46411259
89189982
45960523
52714670
45148985
20720928
72355272
18743376
90660762
64271667
17871506
56856951
33767325
64274292
26638543
92826944
4779823
37580756
18190572
75487237
83678433
62327910
53981499
38277918
47558785
33225925
47986555
82482194
32012841
89785779
41578483
7489323
88032456
5972394
45651298
76348260
32539892
37520316
68937720
75392615
66690411
38680149
52817046
76321376
94079037
85519211
24419823
40164421
53666449
99004752
34815282
43708640
46864967
1918087
60181553
35255456
6343408
44887817
131182
45906428
63259351
55985014
68334074
31461282
36484016
21636650
80551130
37011715
15960641
49217579
63442605
48017809
44095762
45358284
67232306
46656406
10691144
1200843
40159926
22359980
38572779
1036974
58392024
12836042
28601770
15240238
65549080
14983497
41978142
82199284
95443805
22837504
89310929
69448290
29054481
92933195
27315304
89883517
4227096
22404675
71340250
45159319
4929256
23689697
9861795
75285069
94878265
27288416
13803864
1965724
17192817
72142276
19384334
37436476
4732017
95784434
3810071
56897896
58807980
36121917
637216
84133008
43040603
60621361
83764719
50213848
93108433
74848038
97612389
35712107
15820147
23303072
66818682
45909477
19508728
97452818
16366944
58074572
93671934
22123627
12760674
71717923
38267552
1872843
33508719
43573231
92890308
44424095
85101228
48381268
92720564
28124263
93542102
91607976
70423794
66331855
7817703
77229910
76865611
29947751
45593005
56074358
14613029
28284902
55119278
57108202
90239723
20686759
10591919
75775867
15521027
2250266
48868994
84592800
49833312
8483333
57839750
17021204
18837926
70222318
50913601
4931562
3395226
86767655
70307656
71002019
82108372
54757758
46657337
80863132
35514097
14057297
71628381
22493811
40703222
60398723
41458579
4848423
69992868
14181608
56907389
68191243
9837195
75364199
26563200
69279219
1347977
54098121
53291093
62793020
18108166
25774450
47060154
68516705
98049915
51912531
14198496
18161786
49251811
47507260
74591968
60482781
83011278
89194033
63515678
15025844
98745000
36607978
35563539
32751480
39552864
5318639
63516460
80161395
81263643
50457953
92841002
55424270
24429467
38325384
2881864
70948327
18158397
62896588
83467607
99150062
2956282
44789585
27762803
42110434
60668166
33866130
98437424
70083723
37349495
37322745
11390349
90555947
80555116
84905691
47795344
19605133
43932460
16527176
51254980
24694698
7304544
96653775
87649699
54161401
61049315
3734202
25654671
23051413
55099248
7478431
70261145
16940215
24644634
70084224
48576971
77700347
99000151
81223446
4906301
44236692
26194151
61454890
47355498
56773577
37561138
94230224
98162242
38411870
17841097
56223084
74440056
84968490
60666820
55117418
14315573
11021521
97211663
51124303
14735698
26674724
52846880
88240999
74122412
25857246
90963488
49563947
56532353
16587243
65156847
2377034
66378485
91554542
39761138
39272762
42015635
85840608
19594506
50930991
12510878
54959865
17955766
43237273
89621922
17732278
80344569
78734254
13857930
47274077
14088859
5126490
19505896
84640866
43845801
4335645
81913510
74414885
7076131
89882100
51126152
2191144
49826746
36107810
59290628
81306586
88643173
54704216
58775978
24701235
88686573
68353324
46384403
22567609
57844634
2843014
11987744
27198001
95027497
4041838
79324191
89628781
50766506
63626024
13629812
90200789
70861343
96182448
23842445
18013090
49204190
7805359
60306104
83438826
23562407
14745409
7452945
92125819
30575681
47120245
57690191
53550467
93085839
19680539
13391185
88923963
18426196
59057152
5361816
73359475
34242278
7721912
55742055
88935103
71044499
17449108
65878864
45620686
92887027
76848240
27581098
20065549
32623004
15394084
42793609
55154048
15286412
89792713
86827882
48783998
43694075
51616747
11411223
19333131
21313376
88120966
69610924
23649496
55067058
47805931
73445448
64554883
8387138
53701457
81330115
65676461
39139935
32003338
50260683
37279508
84013237
75433814
80764541
29208536
2978414
31320433
1426714
51735257
7194917
55935416
82697249
29669359
89642993
39972129
23085002
2407234
9161357
80796456
71921856
82308875
48928529
89516305
48995978
47387961
84417082
55470553
1992816
56840427
97738431
92065772
83061014
37115973
2130625
29389368
12953226
63703130
39122311
99311109
72537897
10000000
56713552
52077741
30607616
90464188
10485110
45045866
74637266
86088138
61391302
16494704
14105623
53025096
48144509
83347294
80696379
16178681
19221310
88069166
93483212
82340056
93217231
19230408
45121025
82670878
87313164
97173708
31768112
79335209
64627453
90011152
8251996
12482652
90140980
40391316
14470846
29843091
42941100
24643836
100000101
2390019
38395123
98259197
12948099
70913714
45141844
4857085
47457347
56995655
2295440
3606209
33064647
75620895
36042825
66927994
90470931
73820802
6595475
26493435
22993208
58861941
19523799
55573346
43268675
58538870
44762290
14531242
33248692
93130022
42280216
74115234
71071546
96875080
44009443
63120904
94046012
21441617
57835716
29666221
55051920
62834295
26845680
78986941
39019325
95239444
15744417
7634581
68124775
2971090
82065276
71519605
9113513
60946968
39751094
79718768
11548522
63193536
72204747
23282832
65993085
87046457
2311603
1834753
74852810
81816475
59644958
27068117
39229392
3659803
24221808
60577362
41782653
20140382
24920410
9720537
58071123
83239739
83239740
13760677
84530620
21620076
1033312
20513882
57902193
16114248
61557074
71408082
6075801
85346853
86401517
68670547
73398797
21263083
98414735
2376209
61420130
1154611
64765016
37649320
24903843
71703785
39091951
68299524
94585852
75375465
42035044
72959823
73776643
57355219
23327298
83102080
54283059
79707116
50152549
27911549
87978805
62762898
52228131
17988746
32872833
39261576
50292967
19153634
71930383
76775123
20624263
52263685
72083436
76660409
53208660
60434189
24433920
38203732
69982329
36039163
64751286
12143771
71564150
18891691
48579379
6471156
31292357
4849037
66768175
92767273
72708264
37745740
22765132
44481227
69228245
17857780
8820526
9000988
33103459
340002
45591967
33823832
91449532
96606246
49820233
64207696
9106362
55997110
88358139
41440148
78835747
67808837
7268133
92170894
59762399
10731333
86157908
56675280
47075569
71863024
71705144
5672432
36527535
44364077
15978426
26270847
42562690
40318957
122520
20403123
22091345
52963531
128454
65195959
93892436
15452043
29169993
70458081
42002073
91584698
32787239
4239451
220414
7714344
64450427
79967395
52624755
38142739
75356564
58192742
82946847
42709949
69890968
90884403
99792080
62393472
71181155
70969517
34961968
7576264
17189532
56605802
77603950
49879995
43191636
61201220
74852097
40555959
6901008
24103628
30312361
12958919
1426715
52550973
63571750
89959682
43791861
69488544
23558733
96553688
67556500
8192327
98881931
75797046
71233859
13492423
28990150
2618045
64145892
1362589
66607691
35848254
38757297
38973775
89132148
28150174
36834155
80495985
17418744
63223260
9718968
72044448
92661479
65367484
17418745
51589188
43147039
9354555
55758589
63442604
69846323
74270067
58015506
20700531
71175527
26185991
90669991
67445676
50823978
34029630
88975532
47415292
35429292
46502013
55696885
33420078
97526666
39163598
54451023
28062326
92595545
69529567
33302407
56840658
76539047
43716289
8842266
86801872
95561280
8175346
44088292
80476891
24094653
15248873
61840587
25642998
47826112
52860176
64014615
67169062
51790181
35261759
98672567
70278545
55144522
55567161
89055154
37630732
86821010
6903857
54289683
53656677
7025445
89547299
18842395
77027445
1118137
90246973
55063681
2403771
68084557
76403456
78586116
46132282
50621530
84298614
67234805
33691040
13048472
68304813
51858200
25586143
89181134
7161742
5259518
22011689
52792430
69105797
88069597
31643613
14463695
31118030
5010422
67503139
94997874
30392583
70828912
95083785
96729612
4483989
549481
94303232
91559748
86016245
66518841
36734924
47435107
12298909
1287123
98154550
78933589
8129306
51371017
78527720
50088247
80234301
75713017
82213171
89770167
50548657
11373345
56174248
11678191
10071456
72855441
26439287
49511705
24154052
77584012
46291010
31328739
74644400
4230620
51053997
575512
49036338
43266605
75425043
1697104
37192109
84453939
21454943
77600660
11047543
7892180
45379225
7582066
82633308
25401880
3146695
21488686
72563071
58453942
33323657
30227494
55673611
3233859
32180819
35089369
34717238
58464739
14512825
29155212
17601919
74703140
19959563
76442347
3167573
41442341
1969506
37038993
64161630
27870033
30585393
76754619
53569894
66835946
77044671
1082946
35842855
61231400
55824220
51194046
87772572
90519313
96470883
73081602
90726340
4179849
71411377
5901497
25652259
58477767
45869829
49479374
11287364
20932152
27980138
23571046
84433295
37318031
73783043
65149697
1533292
10178757
32744558
6256844
46572756
74875003
94905343
95788410
84177693
21481146
12624008
6483224
73778008
23639291
50957346
56524813
90810762
95507060
31173519
37829468
63223467
77558536
12580477
11741041
4178474
56260110
95568112
66719324
45653036
63945693
79407975
79856792
21347810
63806265
34002992
29402771
86346643
37440988
7617253
40854824
12735388
51267887
73125233
41382147
3784434
94220427
255998
6337436
94681654
80516007
25236056
12503902
60876124
43378076
69890967
85309439
82529174
18372968
58695102
74694807
31785398
28121403
36099620
60312997
9560338
33066139
81954378
87567063
23459650
42444868
85775486
23421244
983995
73271204
11596936
31467949
81191584
96316857
99995595
65570596
2542230
70902743
77336644
58165765
87614611
61019812
86445415
72318602
38199696
8706701
21142671
97489701
68722455
40975574
66141736
81354330
14886469
50584941
45313993
39357122
58257569
74677422
19747827
64335805
96561011
57135971
44405066
6172122
92353449
53485634
21140872
44397496
31733941
67300516
5186893
28240337
30494314
71353388
36331074
2851070
70821187
31986288
31986289
79544790
20210570
99458769
80102359
11224934
17814387
78161960
74845897
26956670
75417459
98847704
38777931
37507488
50185950
64631466
78063197
54248491
22589918
61656650
94739788
51482758
60606759
43002864
43426903
60634565
57647597
89810518
90576781
91580102
16909657
16008155
21179143
21179144
16886617
42303365
14878871
50485594
63009228
85138716
70630741
24311595
62420419
26864586
96938986
59593925
23008320
15576074
8951260
98552723
99518961
39399168
46502744
22747316
47247413
27174286
19827717
6853254
39387565
46874015
10537981
3072077
7986397
34093683
94666032
4388680
36690018
94950218
90640901
94156050
18302224
93775296
77622396
93912845
87347365
31709826
31066283
12469386
5309481
49469105
62403074
83957459
37534148
14235211
70903634
8124921
60071928
39180960
96162588
69164989
32557233
58641905
83555666
20436034
38815069
34016756
70344351
16067089
25788011
14812659
45103815
45778932
78211862
94807487
30450531
57815601
8321183
14513016
87118301
40907115
86274272
48063985
12678870
75457624
54094821
25796442
65450690
52913738
60234913
34334692
95658967
9145181
54351224
71971554
2322421
56339050
4587638
19066538
88279736
83258273
92421852
38601126
44203504
38916461
28143906
20781762
82818645
13317419
46354113
53890795
27863269
30860696
51987572
51987571
95515060
94793422
13478040
91939608
44640691
91597389
1357146
39004808
93382620
81146288
51852507
25090294
44125452
89252157
96385345
32485271
41160533
23087070
1557341
46303688
36708764
33950246
54040221
39239728
16509093
68280530
66661678
56058888
37953640
86742443
734741
26378150
50139096
46427957
69868555
83831356
1516510
70046172
36736723
73148972
21502796
83550869
57281778
63737050
49868263
15303296
42647539
24611934
2964201
45282603
80831721
49645921
44901281
63193879
11052544
73787254
37265642
16261341
30914564
10613952
78876707
61441708
44877690
45725480
56350972
26669055
62054060
8240199
13604200
66602787
56120475
32268901
96947648
41705642
44182827
72237166
5592689
29143726
93124273
40509732
64926005
68989981
14344682
50593156
73648243
73051941
25955164
26202165
60627999
46565218
53539634
16222645
65056481
2273734
26057276
75878039
99668578
13851202
63274863
18205590
1050186
38667773
50400231
41753322
32391631
75198893
67284107
73915051
50215517
84764038
5498296
45298492
68087897
57594700
6930746
67532912
41767843
75078585
83054225
45815891
19139516
51555725
56746202
5577649
76774528
28388296
8529136
83135907
82012319
55624610
97000273
22539270
64550682
59699355
4334811
92901944
69155991
74439492
65503206
50278554
32761286
98427577
48497555
48445393
1050684
10352095
12152769
76891401
82114013
71746462
23659124
87685879
22842214
61258740
42071342
19089195
97809599
17874674
20345391
52971944
1802450
42425831
81443745
2468169
80885324
67646312
47658964
22537443
88032368
36562627
19086954
27053506
18252559
27527047
77876207
24062258
97064649
70180284
71207871
7291576
44686185
6579928
33964637
79968632
95096437
15507080
26533075
81524977
18752938
38041940
38041941
114932
79569173
6740720
15103313
63394872
87483942
23401839
60391791
85448931
57354389
42029847
98358303
43359262
82742611
66516792
19451302
2792265
43366227
3819470
57827484
30778711
35329581
58621589
1828513
40575313
29267084
37620434
14212201
99735427
9603356
20939559
78936551
92099232
4035199
33904024
56830749
1372887
14306092
20358953
20838380
71923655
12117532
73915052
52097679
30683373
3244563
95360850
15939448
11102908
98162021
47436247
99675356
77847678
7672244
33883834
59560625
59237154
60365591
86327225
86952477
82878489
87303357
95956346
35906693
97170107
82085619
89563150
52900000
25415052
66815913
39817919
92200612
9553721
25415053
73055622
4148264
35818851
57288064
83283063
62038047
94801854
36630403
79783880
99423156
41562624
52711246
40364916
40005099
59843383
5177985
26326541
2420921
38528901
2584136
41493640
32476434
47264717
95638658
24696097
5908650
14771222
71950093
92080692
3603242
4215636
55713623
14816688
90307777
65422840
86442081
90303176
44968459
42534368
53778229
40867519
41175645
73665146
72443568
19502505
62950604
18235577
18563744
15180041
1995985
74388798
37267041
1557499
90357090
29021114
9791914
25231813
87025064
22586618
28617139
86489182
50820852
96214561
23619206
14989021
59707204
92219931
68661341
60406592
60406591
8131171
61632317
72497366
70391589
50074392
57019473
72345736
54913680
23212990
81426505
75525309
3280747
60694662
89362180
32355828
63227401
73729209
88901771
73752131
65338781
46363422
27655513
61370518
62782218
126218
86652646
99899504
3627449
98139712
2504891
98649372
6733059
5265750
67750322
10202894
32274490
54844990
64306248
8327462
95288024
68182934
2519690
27813661
11458071
74841885
30532390
25955749
25733157
12958920
63035430
47596607
47349310
58058134
78636495
40200834
10000020
68638985
21770261
72885174
94484482
3797883
84650463
22754505
97169186
93396832
2099841
63789924
80678380
596051
17189677
81791932
29802344
75673220
45986603
84290642
3070049
33491462
67675300
73659078
15893860
91133740
60228941
35448319
26381750
86318356
60246171
45985838
44472639
691925
33911264
7805147
33318980
16308000
92512625
35346968
86780027
28966434
84794011
14763299
23471572
76990617
57617178
93211810
36472900
84696266
84550200
38942059
40384720
17932494
4335427
62895219
88619463
49218300
81231742
36405256
68073522
76297408
55735315
68005187
72869010
95026693
77527210
91895091
47852924
5758500
92924317
78864369
37383714
36376145
81510157
15734813
82324106
88197162
31242786
44335251
4920010
81665333
42314669
69176131
1539051
36119641
47126872
97151365
39041729
97362768
76103675
20644748
39984786
31553716
70655556
84569017
42598242
86174055
88204302
9365703
59640711
53054833
17328157
89326990
85034450
80559548
16725505
8284390
51481927
41160595
74402414
4259068
313513
76714458
75014062
1669772
76137276
45118716
29228529
38275183
93966624
93187568
29735721
84117021
10069180
40230018
20822520
14824019
61592395
97997309
23314220
52628687
25123082
89739383
56981417
88616795
96677818
56321639
73061465
20630765
33245030
82693042
52121290
51402177
56051648
56051649
26640671
85326399
87511987
98075147
6691855
42463414
44689689
82768499
32626733
49328340
53239672
50418970
48659020
20802187
16674846
13522325
14037717
53530069
26517393
80770678
34690519
4896788
65685470
54615781
67957315
92394653
86396750
49885567
13890468
88123329
65193366
70156997
99173029
69112325
5037726
78625592
79333300
15866454
4290468
5645210
2625939
11747708
94425169
37626500
21088856
80637190
81385346
49154689
67196946
8201910
24610207
41517789
43661068
44273680
64726269
38331564
8875971
91110378
70668285
70391588
97792247
64880894
89474727
44508094
61257789
27196937
80244114
20590784
89181369
83994433
35129241
68543408
44717069
94415058
40390147
61344030
1003840
58120309
15458892
23626223
65810489
92854392
3510565
98049038
5368615
83295594
9047461
44729197
2396042
13599884
2370081
53116300
84488827
54338958
26722601
62729173
58494728
94092230
62007535
85505315
22009013
37926346
90727556
99214782
35618486
99733359
56638325
41510920
5026221
83225447
68167124
37364101
54359696
63432835
68171737
72269672
15023985
31812496
86555018
63102017
13210191
15935204
83195035
39188539
29013526
25173686
50032342
86209650
60764581
96239878
13002461
41006930
5795980
23770284
71068263
81489939
50732780
86137485
13521194
30106950
63948258
99861526
5014629
43994202
28369508
95218695
1151281
47556396
78202553
65976795
92970404
42713844
68001309
74640994
68823957
16719140
6859683
55291359
98434877
18114794
55375684
41139112
29724053
48015771
70781052
423585
14644902
79816536
61650133
52838896
39823987
10321588
73837870
78552773
77754169
85520851
45496268
8091563
71880877
26120084
52481437
11050415
29590905
48130397
75923050
1412158
48422921
32854013
28529976
73694478
14094090
799183
79234734
45948430
8608979
17745969
3897065
36256625
33951077
6849042
20529766
5220687
64463828
97705809
56910167
85528209
3117804
36523152
87535691
71386411
27978707
62017867
44891812
41307269
89091772
36953371
15495787
3064425
27756115
40028305
4786063
14624296
95500396
90361010
31181711
50065971
75988594
77013169
41141943
64373401
34496660
49980185
63804806
95750695
44072894
41422426
92176681
98380593
21113684
72043279
33057951
58419204
58272005
44612603
40473581
77060848
10651797
94145683
79972330
40453765
50277973
9126351
41039846
41872150
15383415
81896370
16589042
71934924
84613836
96765646
13069066
64689404
51345461
81336148
37120512
17589298
98495314
61405855
48716139
48447192
5371656
73911410
25067275
72302403
85255550
3573512
50005633
11682713
10753491
62434031
99429730
25824484
99641328
73136204
36046926
47077318
63257623
33909817
20579538
10530913
47741109
49838105
2295831
45305419
78794994
75304793
68933343
94331452
31826057
49919798
75646173
21879581
35537860
98143165
89974904
36737092
23442438
24545464
75105429
15839054
52128900
50702124
14507213
79796561
30123142
62125438
36643046
62125439
61032879
77360173
72446038
16946849
16946850
18895832
12927849
10456559
51447164
48633301
64898834
64910482
30348744
94350039
97836203
47027714
90953320
37300735
24943456
62560742
36687247
11234702
99937842
1315120
74627016
293542
98558751
12467005
89698120
83682725
43641473
28725004
44073668
3170832
80190753
71983925
19312169
79757784
14677495
15394083
9831539
46247516
99946920
64892035
18444902
3096468
55863245
47922711
90740329
68392533
84847656
23323812
6795211
87608852
63101919
732302
29762407
92481084
53819808
91468551
52558805
57935140
4103668
41589166
90122655
59563768
60715406
26509612
63308047
73628505
56681873
77428945
69724380
35975813
78060096
3030892
92373006
87148330
16469012
40253382
76641981
11264180
3868277
58258899
11110587
39454112
22869904
50427388
52367652
32864
403847
64734921
97750534
91123920
91345518
28573958
91188343
38730226
32269855
14466224
73680966
24348204
82386016
1689516
34004470
71107816
66574418
15033525
51196174
54706054
41142615
46232525
61505339
97093037
52101615
92719314
30606547
17688543
32588805
27062594
93346024
4404099
92408984
8944575
66989694
88696724
68400115
65403020
1784686
34694160
56399890
82888408
29905795
18282103
26704411
89194103
55277252
90616316
94845226
44155002
11082056
66362965
8522996
43973174
20065322
29826127
92223641
18710707
33017655
5915629
42671151
16255173
33981008
84136000
88089103
6836211
68049471
99188141
95642274
1525329
83764996
52035300
84926738
81820689
28003512
90407382
8978197
40991587
55008284
58604027
3643300
19801646
15717011
25109950
22610082
49064413
48800175
98898173
26822796
98827725
32541773
54241725
40703393
296499
16430187
59371387
17509503
76305638
48152161
56433456
15449853
48179391
99351431
30888983
63125616
43434803
27782503
90397998
31904181
64398890
69025477
95519486
29491031
99517131
10262698
87557188
51402908
78243409
18180762
46652477
20036055
14778250
3912064
38479725
65475294
27618634
93788854
95281259
52834429
53956001
28806532
92411493
65017789
54895237
91299846
80577258
89355716
16849715
71039903
79814787
6285791
10000010
10000080
5973663
51838385
87997872
6588580
26205777
69230391
30604579
65079854
70780151
41462083
5703682
63391643
33977496
27125110
81434470
63519819
47594192
7852878
43464884
78423643
33734439
76075810
69196160
31786629
15291624
18444733
56713174
55591586
83107873
20318029
29596581
82045034
698785
15510988
70797118
14089429
48049769
20264508
77506119
40450317
49791927
10097168
3129635
49514333
53315891
73625877
80987696
10960419
94068856
71625222
26273196
20409757
40350910
66506689
18063928
94142993
67744384
31386180
82319644
33878931
43534808
83675475
52971673
57182235
82361206
46457856
91250514
69572024
59383041
7171149
28112535
61190918
79875176
83629030
21296502
90960358
43509019
42386471
15270885
43175858
79447365
16392422
65458948
70560957
91842653
89997728
15259703
53623827
83370323
80813021
61068510
71283180
6983839
18605135
90337190
79538761
7092142
53582587
75372290
564541
52823314
89732524
62784717
94256039
1826676
58132856
38120068
23408872
35686188
98777036
37890974
42348802
94283662
14214060
7969770
1799464
66094973
66100045
5288597
13821299
4206964
75902998
19252988
46461247
3055837
80955168
2122975
59616123
80101899
59071624
55428242
45803070
82738277
91812341
28201945
6511113
29616929
99590524
54762426
45221020
13685271
71759912
12538374
46918794
78780140
21420702
39111158
96383838
26285788
77827521
45383307
69529337
9989792
95923441
72772445
32912040
96100333
68406755
12181376
32298781
86361354
80230510
2903036
79759861
99890852
98700941
22159429
91505214
75622824
75622825
20797524
39402797
20474741
12275533
96148285
48568432
34796454
61254509
45042329
15661378
96163807
63323539
76384284
55013285
72144675
61538782
87319876
77092311
34853266
27769400
74093656
47459126
50951359
5609226
85821180
96363153
82744076
92676637
60187739
13574687
6142213
67270095
46195773
74611888
88559132
72929454
76806714
17441953
37313348
59053232
3149764
83747250
57348141
76930964
79441381
6830480
40945356
14541657
2986553
60589682
29455728
21900719
70050374
43586926
78984772
54752875
88132637
24025620
40225398
82035781
45939841
83228073
94119974
25578802
57305373
83887306
72842870
21237481
14883228
2333365
83235263
58293343
94568601
57470761
38318146
4638410
76721030
11819616
34614289
71279983
9485511
72491806
56421754
70043345
82419869
98229575
35884610
17264592
43658697
19814508
61613388
60806437
7602840
32752319
12652643
40101111
18940556
36328300
6713443
55538156
49441499
34088136
34830502
19877898
32240937
38891741
15894048
22431243
59708927
7152333
33551032
70546737
86229493
59281822
22702055
82999629
30464153
4072687
81951640
88494120
63465535
51324455
52639377
69452756
911883
38180759
22318971
12743620
21296383
63595262
57308711
31472884
36318200
56052205
60399954
11743119
39778366
86474024
85936485
56747793
14731897
15310033
97360116
73567374
24218047
92084010
62991886
87800375
90557975
70368879
58911105
1784619
38844957
99002135
94634433
6007213
48649353
90884404
59070329
8512558
51638941
24096499
1353770
99348756
2204038
19190082
3026686
83705073
46701379
40844552
44163252
97854941
81558967
30411385
45584727
75347539
31189536
56387350
36352429
58947797
34250214
22056710
40607210
33438666
80485722
62188962
26495087
53839837
6917479
70645913
79523365
88728507
22900598
82962242
34294855
69700783
5795882
1371589
46571052
24857466
61777313
77135531
24838456
64038662
65196094
22404676
23299957
90434926
70491682
3909436
13482075
49394035
67267333
33971095
76871889
2266498
31772684
2287848
49477180
21702241
26046205
8062132
72677437
10441498
9284723
4466015
22499463
36278828
60728397
73899015
54306223
93298460
80402389
66698383
35752363
50259460
904185
10642488
43014054
54343893
75524092
75162696
93130021
15610297
39774685
73219648
94042337
15052462
62379337
64973456
601193
54591086
56043447
78556320
57425061
45170821
18094166
54185227
22865492
61320914
96693371
83414006
46759931
27780618
82697428
19186123
52575195
81020646
1005587
38026562
81020140
66436257
32543380
42175079
54514594
63014935
33112041
33725271
76459806
69750546
33365932
17415895
20951752
93151201
14898066
25373678
7736719
77387463
98012938
58859575
84243274
56768355
13220032
55046718
41431329
45215453
39987164
92035412
75779210
90592429
168917
74657662
41858121
5237827
93157004
47228077
65659181
74064212
1644289
48370501
40619741
75886890
38679204
10712320
84313685
1281505
87836938
90075978
96300057
58169731
13945283
30069398
2779999
63162310
15629802
52589809
42994702
54539105
18482591
16751086
75953262
90873992
5438492
43797906
56413937
66073051
23424603
87774234
70975131
85066822
6022371
3732747
55014050
49669730
93343894
2483611
487395
66836598
87151205
95084054
58924378
1834107
88205593
65612454
97885363
46897277
402568
29765339
84428023
32061744
53193261
27324313
24996659
32548609
81896771
23274061
81028112
38992735
63665606
10035717
37243151
28604635
5763020
42548470
96643568
2084239
65961085
51405049
91996584
91822647
15090429
93730409
78229193
63731062
92409659
99212922
9786492
3557275
18756904
62487836
15150365
81383947
32825095
79473793
20193924
1571945
98024118
12213463
49930315
28348939
49306994
73891874
63509474
27103517
2957055
12965762
23440062
65810490
68427465
42167046
77754944
68815401
68815402
61166988
47766694
92391084
99865167
77334267
42328171
81122844
12076263
95714077
93451636
85682655
25716180
80538728
59297550
42874792
57962537
25484449
58475908
12299841
53540729
78156759
68597372
54455435
27944249
43925870
53027855
59744639
47319141
98582704
42418084
57116033
98585345
33776734
89258225
18430390
87523462
92944626
10132124
31447217
34507039
35262428
75946257
30525991
78010363
17720747
80741828
10805153
58139997
64756282
83301414
21522601
55072170
94553671
95245544
59851535
21744288
70226289
36304921
1527418
2602411
42883273
49417509
56369281
83546647
78574395
38568567
50684552
67775894
17511156
17733394
35322812
9848939
6979239
44928016
83477829
57288708
93920420
93236220
61654098
35183584
21254443
89320376
16329071
29146185
12253117
88650530
43140791
15658249
28506708
51043243
88438982
73216412
14936691
58760121
85754829
11159464
57543573
84932271
10026986
44811425
71315423
7700132
28465301
54860010
81254059
17649753
3204467
30299166
43140792
76683171
2088870
35638627
11722335
47111934
74506079
69750536
52098461
28139785
17238333
6480253
58996430
37744402
62651957
90508760
23115241
53100061
50604950
96099959
63612442
80108118
26993374
83810690
76515293
40736921
5998840
31383545
42737833
51808422
78422252
42024143
77330185
2203790
87292536
2111707
72502414
44487250
11705261
71541986
57836546
58628539
72355441
32999573
26708437
74728028
43138260
10275411
31554054
7850740
11228035
4545854
32086564
13032689
96457619
99064191
57319935
91998119
86559484
99724761
65622692
29380133
10315429
94215860
70345785
76862289
76704943
82841979
59197169
67249508
30398342
43577607
71280811
77714963
41061625
65303664
90247311
16366810
13839120
4542651
64749612
53090623
3486020
27750191
51534754
17115745
27918963
79861914
85970321
65247798
92246806
28630501
23740893
49249907
69838592
65025250
91420254
25244515
54880296
54903668
10612222
81332143
78371393
4779091
31764700
72700231
25119460
64500000
62499965
51945556
30090452
74854609
22858242
61011311
91422370
29999161
81756897
69123138
12171659
17521642
83133491
30562585
64382839
24311372
16268841
79852326
43642620
17259470
47693640
31339260
4064256
81616639
14575467
27971137
88472456
86100785
57036718
31563350
97896503
23720856
7459013
67547370
40941889
29353756
60992364
45082499
87008374
2648201
81471108
18865703
76080032
