86988864
83994646
67048711
23771716
86198326
14261867
24140059
6850209
49140998
68170903
21597117
295517
51351302
28596933
13026402
89718302
27744077
49771608
18318842
89801755
21323861
41356845
47372349
62325062
25345186
16135253
18036057
48202661
99785935
21070956
91869203
67987611
73574678
29654737
55821894
47480070
81325903
94004268
10979723
95174353
67371383
64342551
303660
23927567
42431843
93221206
10509340
83104731
56094445
43230671
14015067
17092736
15013468
48365709
34236961
42364257
65064143
53112492
58921041
9156135
48539234
95132338
85639257
40916023
55001420
75889523
49881766
22796548
56246017
18378582
53153481
980973
46384672
73879377
9076207
84430950
79649195
7180418
36868108
15480588
17535588
20277860
69296555
42364374
55348096
85489096
62633180
37053871
2134346
88236094
87340664
63689843
37970940
71453557
99284890
40619825
48305365
14148099
88819587
47453433
82705573
36280194
40633297
7165085
242146
39892082
61528025
10012614
41925941
86325596
78783370
81480461
89091579
61181383
63142001
48094997
5053103
18246479
94463200
40133511
84990171
46009906
11761845
35149085
99426834
16899564
32452818
16255442
20374520
22996376
85605684
39168895
39256679
25655502
61127349
95472621
16768387
42129512
65240384
51562916
59380081
58696829
45547649
50122883
36262024
41426869
55761792
5405694
72989439
65169794
11901678
38670435
87564352
58268433
28470714
89041555
70138455
21051146
98239899
21466326
5464695
30653113
32015116
35215622
25880422
25551951
20871001
53347303
53183600
89631139
41396436
21340051
8715625
57409948
98456117
2204140
14087893
91595718
38699854
81386177
76532077
29401950
52090844
87910978
40267580
71413901
61622107
6104968
6297941
41859700
59364406
24294108
18937875
80163754
17655904
78193831
84740193
69243953
17597059
16970158
97077563
4861205
11384280
95614612
72892473
57953380
42664989
12183332
62121
44209392
95841282
95727991
96501677
93220472
36468556
91152256
51394546
1801154
20228463
28106077
48276469
1248895
57139487
79323590
4031928
72630549
82301904
61044390
97439308
1434352
9596126
47829960
13179332
50412166
37421579
69313735
16956455
40884383
81380218
21888494
8508055
79853073
41218256
92667214
42541548
86801871
75109441
33413638
40240595
65830223
60682203
7565547
8964854
43417563
94192409
17375316
68057622
33244944
69035382
96420087
62966332
34290067
38999506
23265313
74458486
91782219
93889755
67494157
38289717
31036355
52571838
14618326
28358902
18654201
37083210
85802526
41398771
66742250
84970821
28279543
12470447
2926176
94377247
58851034
30655537
80316585
34124316
39978267
89112729
75559356
69015963
5494820
81057959
2833249
70074904
60912752
48148828
33423043
8628798
3773196
48092532
86498013
7572887
59983499
90925163
41949033
80071763
67049542
11321183
86805855
8634636
1804528
70231910
78053598
65287621
89111398
21417692
4614116
90928333
13722870
9159938
53129443
90980792
53375573
2314238
46986414
38033121
50725996
40737112
97642679
74713516
1102515
20522190
31829185
98502113
85562745
53982768
92377303
61587183
6967870
48768179
74153887
40933924
20858318
47233801
93599951
89494469
35565537
59784896
45895206
35798491
17881964
5388481
78861134
57579381
80168720
43500484
95286165
19159413
69122763
10209545
35027493
69542930
28593363
24128274
87621407
44763025
39719977
72575145
39131963
12965761
81985784
78613627
69579761
2326738
81059524
9637706
93747864
13409151
71200730
72192100
94212438
73481154
5616412
21219755
96967123
84257640
3549275
83241722
11961740
50939127
56460688
87880531
95194279
23557835
73414375
22959079
24623598
20727787
19612721
76446915
40826495
77561728
62113340
49010598
74701381
56769674
99721536
30325729
16972957
3493978
76922029
67464807
23965037
34187685
44436472
3682106
24096228
16435215
50045299
63018132
55763552
28563545
1435851
66672569
55991637
54178050
70681994
32437102
43250041
80193355
13215230
8687195
88733579
99050989
473469
16353197
55773067
13532663
31476755
60082869
53693416
59820352
67105242
82828051
60866277
42578427
97342942
69954399
55875323
11324436
37820550
90219263
23118924
30314994
65260293
92755808
66712593
97623219
61411502
21844576
58932615
84327329
35809262
20721928
61204971
99414168
85166216
12160911
39897277
6390406
28649820
53046408
43580269
75043725
6103294
15237615
58818411
96355986
30531525
75376965
98045062
56916805
26022485
76909279
91862578
74364659
95051344
5556668
95451366
26725158
74131780
12600382
33396948
21598948
22419772
45425051
97687912
20188127
68401546
17653779
75582395
3027001
32919136
89731911
77910045
34193084
37406863
218704
41392891
78706415
81172176
2863439
26566878
66235877
58607704
52503575
95308449
18591904
73134082
60369732
46534755
64752646
27132350
87473172
53293545
71407486
66788016
60862676
42599677
12883044
58528964
34460851
41089128
45231177
96890582
75560629
95952802
31987274
84834865
3134241
5628232
98252586
97806240
74923978
87430998
26931058
88753985
16556849
49681811
85359414
98818516
38742075
46181000
57069605
49998907
1781310
9373534
48206762
38538445
39711336
51632798
33550694
26902560
37684215
27967615
1641882
86281779
49003308
56594520
51355346
66889139
6368038
77491079
37313786
11549357
49888191
14977074
12800777
25833572
7512044
87751584
5818798
30190809
423705
57046845
69140098
24668830
21887179
13386503
78266168
41762634
95178994
73698349
97017120
58831685
13039848
42703248
96981563
98792570
98299011
43793530
8471389
47606319
53776525
45894482
51828629
84620194
78658564
12057781
4149689
18590133
425934
45311864
11868825
67959180
53493204
39674352
52323207
9744376
80233946
42868711
52648457
79571449
74137509
10992251
14291024
13944422
13676474
60229110
57270476
40937767
11448373
82542267
25262697
99877698
62473983
50712728
37101832
16762927
63695531
24317029
99690140
26084285
61705417
33737664
32022366
85742772
29618570
11813953
88989706
2356994
47942531
14141448
10809984
13429800
89405199
22910685
61831093
36584821
95744531
58314394
90502999
55608151
34370473
68007326
73544866
10755153
74367458
47150851
9633505
89272878
47879985
40659562
75209824
46037213
73079365
55321970
9817927
31122090
28357177
88789641
80811661
26412047
98446407
7089711
20060230
34100324
76812113
91932350
27927359
54415063
12206212
18144507
52040216
75782277
21015833
5434080
64801562
35762283
23265594
52417194
19613556
47025270
76052811
52584282
22020907
64501875
21840375
82260502
10248192
54579801
759393
75745607
46130346
96851799
81863068
76184692
40410110
98069388
38552107
64047146
75830094
11224103
48229808
9264485
67629977
15083728
93107608
65396880
30353551
46821314
5600127
30243636
80141480
22873798
2118022
62397231
2671330
21297224
28546905
96631852
61740673
77084837
33031674
19847532
8581705
74823665
52684508
17185260
14391920
94163677
54109233
79575620
97923414
23615409
96965364
35052053
37957847
7019529
16227556
36261276
56647086
3056267
26082229
98374133
52675689
73431236
4042268
95214051
21770260
21558682
83968380
33784505
14851496
90020065
77585513
32809211
94773007
41855169
5257687
30113682
55256016
4869446
24068492
52768103
51934376
15401633
34627841
35059553
52824910
17444133
9653271
97570038
95789089
23289281
54541900
62340868
54878498
80441106
88979991
13756293
84686841
36021814
79109599
69455834
83986578
84814897
4266839
60519422
87210505
69456283
1184620
19406822
67724379
99171160
21908319
82642348
56283725
85705804
40640057
60802233
95144193
88240808
97590747
66526672
99551425
67284908
90147755
82005435
17358176
38480590
87756343
94675535
77007920
28566710
85602018
20394040
102380
7902349
44519536
87010442
96458440
60258960
25773409
61854111
12472242
62543393
10538007
55444629
16475472
84397023
3136426
25290459
37721209
14318794
62867251
44595286
37231841
49587034
55226821
27671321
69162969
23171610
93108297
68658728
90790253
20831168
82452993
17985575
99510761
40320754
45871897
57482479
81777047
11091375
17658803
56342351
92731455
25769732
63995093
46700124
79182538
79870141
83746708
62279055
59344077
77414722
61844784
46474915
81210420
64389297
8034697
32362575
7802006
34206604
53119267
31560081
50755
93013676
40695128
17214465
79629370
60102563
9074847
8794435
21593977
99597615
13626450
72657739
40374923
93553943
54652250
13723605
43714890
38369349
95492061
77121851
2460565
71466592
44287299
82432018
28933734
20765952
29549364
56948373
57882509
39191307
10189126
34906152
75499502
24530661
49814180
27134689
22609617
6133894
94667532
34442949
7359741
76211194
2694423
46820049
21817254
32062913
22046459
71544954
7562372
86569121
24435369
44656491
65957473
75646520
9293977
55998462
7369217
68540059
33114323
50705071
46411259
33767325
64274292
37580756
18190572
75487237
62327910
38277918
82482194
32012841
7489323
32539892
37520316
15800838
75392615
66690411
52817046
76321376
85519211
1918087
6343408
68334074
15960641
49217579
41482598
44095762
22359980
33178416
58392024
45159319
4929256
75285069
27288416
13803864
1965724
17192817
19384334
4732017
3810071
36121917
43040603
83764719
93108433
74848038
93671934
55784832
33508719
79106360
57839750
50913601
31477025
70307656
82108372
46657337
80863132
22493811
93900406
56907389
68191243
69279219
1347977
54098121
47060154
68516705
98049915
18161786
49251811
47507260
74591968
60482781
83011278
15025844
98745000
36607978
30451366
83464209
39552864
5318639
80161395
40172183
48576971
47355498
98162242
38411870
38299233
81843628
11021521
1761063
90963488
49563947
16587243
50930991
4335645
16226786
59290628
81306586
54704216
22567609
11987744
4041838
89628781
70861343
23842445
7805359
71044499
17449108
65878864
76848240
20065549
43694075
51616747
2130625
29389368
12953226
10485110
74637266
86088138
19230408
45121025
79335209
8251996
12482652
90140980
29843091
42941100
45141844
56995655
33064647
66927994
58861941
19523799
58538870
44762290
14531242
63120904
39537362
78986941
39019325
82065276
39751094
11548522
2311603
74191942
73398797
21263083
94585852
75375465
50152549
27911549
62762898
19153634
76775123
20624263
967928
36039163
93920745
64751286
12143771
18891691
4849037
52624755
38142739
75356564
58192742
52550973
63571750
89959682
63356631
63442604
74270067
58015506
26185991
90669991
50823978
34029630
88975532
47415292
35429292
76539047
43716289
8842266
73578229
24094653
52860176
55144522
77027445
68304813
70828912
549481
91559748
23701465
51371017
43711255
24221739
10071456
7892180
29155212
74703140
76754619
53569894
77044671
1082946
73081602
4179849
5901497
38723936
94905343
31440542
90810762
12580477
4178474
56260110
66719324
21347810
51267887
25236056
12503902
7625614
85309439
82529174
74694807
31785398
28121403
33066139
85684223
58577036
37576645
96316857
65570596
38199696
74677422
64335805
96561011
2851070
70821187
32807846
17814387
75417459
64631466
22589918
94739788
51482758
14878871
62420419
8951260
99518961
27174286
19827717
5990062
77622396
31709826
31066283
70903634
8124921
83555666
20436034
70344351
45778932
30450531
54351224
90846359
19066538
88279736
92421852
44203504
38916461
28143906
20781762
68846917
53890795
95515060
94793422
91939608
39004808
93382620
46303688
33950246
51452091
16509093
70791313
93016201
56058888
72405967
26378150
70046172
57281778
49868263
15303296
42647539
24611934
2964201
30914564
61441708
13604200
66602787
56120475
32268901
96947648
50593156
73051941
25955164
26202165
53539634
16222645
11760174
64538655
73915051
67532912
10352095
42071342
97809599
2468169
22537443
36562627
19086954
27053506
77876207
6740720
57585212
23401839
60391791
49398568
66516792
71829750
2792265
3819470
30778711
58621589
29267084
37620434
9603356
20939559
4035199
56830749
52097679
59560625
59237154
60365591
86327225
87303357
95956346
82085619
95638658
73665146
72443568
1995985
74388798
37267041
73001017
1557499
90357090
8131171
82732705
73752131
46363422
61370518
126218
86652646
3627449
98139712
2504891
15653824
6733059
5265750
10202894
32274490
64306248
95288024
30532390
78636495
40200834
68638985
3797883
97169186
63789924
596051
45986603
86318356
45985838
44472639
41420027
35346968
23471572
57617178
84696266
84550200
38942059
88619463
49218300
68073522
76297408
68005187
77527210
47852924
5758500
92924317
78864369
15734813
63012333
31242786
4920010
36119641
76103675
20644748
58551308
31553716
42598242
51481927
84636823
4259068
1669772
29228529
38275183
29735721
10069180
96677818
52121290
51402177
85326399
87511987
49328340
53239672
48659020
69832741
94772232
31893528
30170981
67287533
13522325
14037717
53530069
80770678
25343280
4896788
23205979
67957315
92394653
99173029
15866454
94425169
21175632
81385346
8201910
65810489
92854392
3510565
29172562
90908427
13599884
2370081
83225447
15023985
31812496
63102017
60764581
41006930
71068263
34646691
55291359
98434877
70781052
14644902
27770341
75923050
1412158
44072894
40473581
40453765
41872150
15383415
51345461
37120512
98495314
61405855
5371656
12923641
72302403
3573512
50005633
89698120
43641473
28725004
44073668
3170832
71983925
19312169
90740329
63308047
73628505
35975813
78060096
16469012
32864
403847
64734921
91123920
91345518
38730226
32269855
1689516
71107816
41142615
61505339
97093037
52101615
30606547
93346024
92408984
66989694
88696724
68400115
65403020
34694160
66362965
31076103
43973174
42829885
84080939
18710707
88089103
68049471
1525329
83764996
84926738
81820689
28003512
90407382
86099788
66926224
3643300
15717011
25109950
49064413
32541773
40703393
296499
16430187
76305638
56433456
4081094
99351431
43434803
99517131
10262698
87557188
78243409
78697395
38479725
65475294
27618634
51275027
95281259
6285791
51838385
87997872
26205777
41462083
5703682
63391643
33977496
27125110
63519819
36361633
78423643
33734439
76075810
69196160
31786629
70797118
91781589
49791927
35316708
71625222
44913552
40350910
83675475
57182235
82003859
69572024
59383041
79875176
43509019
42386471
15270885
16392422
65458948
91842653
89997728
15259703
71283180
18605135
90337190
53582587
94256039
35686188
64697231
4206964
19252988
46461247
3055837
46918794
78780140
39111158
77827521
12181376
32298781
33184167
2903036
79759861
45042329
55013285
34853266
72929454
76806714
37313348
59053232
3149764
29692206
21900719
43586926
78984772
54752875
88132637
82035781
83228073
94119974
25578802
57305373
83887306
72842870
56789759
21237481
94568601
60806437
67934141
49441499
34088136
34830502
19877898
32240937
80604092
22431243
22702055
82999629
11743119
85936485
56747793
97360116
92084010
70368879
1784619
48649353
75347539
56387350
22056710
26495087
53839837
46571052
95220856
50259460
39774685
73219648
15052462
12607053
13945283
17078030
63162310
42994702
75953262
56413937
66073051
23424603
87774234
93343894
2483611
27324313
38992735
10035717
72053645
91996584
15090429
9786492
43487744
15150365
81383947
1571945
68427465
77754944
61166988
59744639
87796900
57405307
89258225
87523462
31447217
75946257
78010363
80741828
36304921
42883273
56369281
35322812
6979239
12253117
73216412
69750536
37744402
62651957
76515293
2111707
91998119
99724761
65622692
29380133
70345785
76862289
59197169
71280811
3078576
4542651
51534754
25119460
64500000
51945556
83133491
24311372
16268841
47693640
88472456