83994646
67048711
23771716
14261867
49140998
21597117
295517
5728014
13026402
89718302
49771608
21323861
47372349
16135253
18036057
48202661
64428736
3366982
99785935
21070956
17968114
91869203
55821894
47480070
94004268
67371383
40173854
64342551
42431843
93221206
10509340
83104731
56094445
17092736
15013468
42364257
65064143
97120394
53112492
9156135
95132338
86164529
85639257
40916023
49881766
18378582
53153481
9076207
79649195
7180418
42364374
62633180
88236094
87340664
63689843
71453557
40619825
48305365
14148099
22790789
88819587
47453433
82705573
36280194
39892082
61528025
10012614
86325596
6840573
81480461
61181383
63142001
19733961
48094997
5053103
55550921
40133511
46009906
11761845
81933259
16899564
16255442
20374520
94022093
77207191
39256679
25655502
61127349
16768387
42129512
58696829
45547649
36262024
41426869
55761792
5405694
72989439
76792184
65169794
11901678
38670435
87564352
58268433
28470714
70138455
21051146
26302522
21466326
5464695
32015116
25880422
97783659
25551951
20871001
53183600
23995346
89631139
41396436
8715625
21239280
98456117
14087893
91595718
38699854
81386177
76532077
29401950
52090844
16507828
71413901
20101223
61968753
6104968
41859700
24294108
18937875
80163754
17655904
78193831
17597059
78637313
16970158
97077563
11384280
72892473
57953380
42664989
36931229
44209392
95727991
93220472
36468556
51394546
20228463
28106077
48276469
1248895
57139487
79323590
65393205
4031928
82301904
61044390
97439308
1434352
9596126
13179332
37421579
4796100
81380218
8508055
79853073
92667214
86801871
33413638
65830223
43417563
94192409
17375316
31000575
68057622
33244944
69035382
96420087
26376390
38999506
91782219
93889755
38289717
52571838
14618326
46696593
85802526
41398771
84970821
28279543
94377247
22026707
70095154
1546123
30655537
80316585
34124316
89112729
63224564
74157028
69015963
48766543
96428622
5494820
45945685
70074904
60912752
48148828
8628798
86498013
5606466
37043180
7572887
82112775
90925163
76895648
72520073
67049542
11321183
86805855
65287621
89111398
21417692
4614116
90928333
13722870
53129443
2314238
99789342
46986414
38033121
50725996
40737112
97642679
20522190
98502113
85562745
92377303
47233801
45895206
17881964
5388481
78861134
57579381
43500484
19159413
69122763
10209545
69542930
28593363
87621407
44763025
72575145
39131963
44883830
12965761
81985784
84451804
78613627
69579761
2326738
9637706
93747864
13409151
94212438
73481154
21219755
84257640
3549275
95194279
24623598
20727787
19612721
40826495
62113340
57902462
49010598
74701381
56769674
57062206
99721536
30325729
3493978
76922029
84916669
23965037
62873545
28563545
1435851
66672569
71490127
54178050
70681994
43250041
13215230
99050989
71218746
12493482
60082869
53693416
59820352
67105242
82828051
42578427
46128076
37820550
90219263
30314994
61411502
21844576
79979666
58932615
84327329
35809262
25366484
20721928
61204971
99414168
39897277
6390406
28649820
53046408
43580269
15237615
58818411
96355986
75376965
76909279
91862578
94716515
56606928
95051344
17484499
95451366
26725158
74131780
12600382
33396948
21598948
20315854
45425051
97687912
75582395
77910045
218704
41392891
78706415
81172176
26566878
52800428
31890399
95308449
18591904
73134082
60369732
43061293
88435542
46534755
64752646
53581214
27132350
53293545
27054370
71407486
66788016
99267150
60862676
42599677
12883044
58528964
34460851
45231177
2830619
96890582
95952802
31987274
84834865
3134241
98252586
81439173
87430998
62337487
77454922
98818516
57069605
49998907
1781310
9373534
48206762
38538445
33550694
18511384
26902560
27967615
1641882
86281779
49003308
56594520
66889139
6368038
16229315
77491079
37313786
11549357
90844184
78577570
14977074
12800777
87751584
5818798
30190809
423705
57046845
69140098
21887179
78266168
95178994
58185394
73698349
97017120
58831685
13039848
42703248
98299011
43793530
8471389
47606319
53776525
38445524
45894482
51828629
84620194
78658564
12057781
85306040
45311864
11868825
39674352
52323207
9744376
80233946
79571449
74137509
10992251
14291024
13944422
13676474
60229110
82542267
99877698
50712728
37101832
16762927
63695531
24317029
99690140
33737664
85742772
29618570
11813953
2356994
54622031
41172955
36584821
58314394
90502999
65623423
55608151
34370473
68007326
89272878
40659562
75209824
55321970
9817927
18325492
28357177
80811661
26412047
7089711
5640330
34100324
76812113
91932350
27927359
54415063
12206212
18144507
52040216
75782277
21015833
5434080
35762283
52417194
19613556
52584282
22020907
64501875
2047519
21840375
75745607
46130346
96851799
40410110
38552107
64047146
67629977
15083728
93107608
65396880
46821314
5600127
30243636
22873798
2118022
62397231
21297224
61740673
77084837
33031674
84173492
74823665
52684508
17185260
14391920
94163677
79575620
97923414
3492538
23615409
35052053
91512835
7019529
16227556
28450915
56647086
26082229
98374133
73431236
4042268
90876561
83968380
33784505
26932788
41182875
23635815
77585513
32809211
94773007
41855169
24068492
52768103
51934376
34627841
94566432
52824910
9653271
97570038
41544074
95789089
45688586
23289281
54541900
54878498
80441106
36021814
64788463
4266839
60519422
87210505
69456283
99171160
21908319
82642348
40640057
60802233
95144193
88240808
97590747
66526672
99551425
90147755
82005435
17358176
77007920
90330453
87322377
20394040
102380
7902349
44519536
30461781
96458440
99747800
60258960
61854111
12472242
55444629
16475472
37721209
62867251
44595286
55226821
27671321
69162969
23171610
68658728
20831168
99510761
45871897
57482479
81777047
11091375
11091375
56342351
92731455
25769732
46700124
79182538
97240270
79870141
83746708
62279055
67227834
77414722
32723153
8034697
7802006
34206604
53119267
30208479
31560081
93013676
17214465
60102563
27827272
1224927
99597615
13626450
54652250
80727036
13723605
43714890
38369349
95492061
2460565
29929832
31305911
71466592
44287299
82432018
28933734
20765952
29549364
56948373
57882509
39191307
34906152
24530661
49814180
27134689
22609617
59036972
63545455
94667532
22512237
7359741
2694423
46820049
21817254
32062913
22046459
71544954
86569121
24435369
44656491
65957473
9293977
26905245
68540059
50705071
46411259
90660762
64271667
33767325
64274292
37580756
62327910
38277918
47986555
82482194
32012841
7489323
66690411
52817046
76321376
85519211
1918087
6343408
45906428
68334074
15960641
49217579
44095762
58392024
45159319
4929256
27288416
13803864
1965724
17192817
19384334
4732017
3810071
36121917
84133008
43040603
83764719
74848038
58074572
93671934
33508719
79106360
57839750
50913601
31477025
82108372
46657337
22493811
40703222
56907389
54098121
68516705
98049915
18161786
83011278
89194033
15025844
36607978
32751480
83464209
39552864
5318639
80161395
94230224
98162242
38299233
81843628
14315573
49563947
16587243
50930991
4335645
54704216
58775978
22567609
11987744
4041838
89628781
70861343
7805359
71044499
17449108
76848240
43694075
51616747
2130625
52077741
10485110
86088138
19230408
79335209
8251996
12482652
90140980
29843091
42941100
45141844
33064647
66927994
58861941
19523799
58538870
14531242
78986941
11548522
2311603
60577362
74191942
73398797
42035044
71930383
93920745
64751286
12143771
4849037
52624755
38142739
75356564
61201220
52550973
89959682
63356631
26185991
50823978
34029630
88975532
47415292
56840658
76539047
43716289
8842266
24094653
70278545
55144522
37630732
77027445
33691040
68304813
70828912
549481
23701465
51371017
11678191
24221739
10071456
74703140
53569894
77044671
5901497
25652259
94905343
90810762
12580477
4178474
56260110
66719324
21347810
51267887
80516007
25236056
82529174
74694807
28121403
37576645
96316857
65570596
86445415
38199696
74677422
64335805
96561011
2851070
32807846
17814387
75417459
64631466
22589918
51482758
62420419
8951260
99518961
39399168
3072077
31066283
62403074
70903634
8124921
83555666
45778932
78211862
54351224
19066538
88279736
83258273
44203504
28143906
20781762
94793422
32485271
33950246
51452091
70791313
56058888
70046172
57281778
15303296
42647539
2964201
30914564
13604200
56120475
32268901
96947648
50593156
26202165
53539634
16222645
77379481
64538655
50400231
73915051
67532912
10352095
71746462
42071342
2468169
22537443
27053506
57585212
76232340
23401839
60391791
85448931
66516792
2792265
3819470
30778711
58621589
40575313
29267084
20939559
4035199
30683373
60365591
86327225
82878489
87303357
95956346
73001017
1557499
90357090
8131171
60694662
32355828
73752131
46363422
126218
86652646
3627449
98139712
2504891
5265750
10202894
32274490
64306248
8327462
30532390
63035430
78636495
97169186
596051
29802344
45986603
86318356
60246171
44472639
35346968
23471572
57617178
84696266
38942059
49218300
68073522
72869010
77527210
47852924
5758500
92924317
78864369
15734813
31242786
4920010
36119641
97362768
76103675
31553716
42598242
84636823
1669772
29228529
10069180
18807109
52121290
51402177
49328340
53239672
48659020
94772232
31893528
30170981
67287533
13522325
53530069
80770678
25343280
4896788
70156997
42945701
6540606
79333300
94425169
21175632
8201910
65810489
3510565
5368615
44729197
29172562
90908427
2370081
31812496
63102017
60764581
13955608
70781052
14644902
33951077
44072894
40473581
40453765
41872150
15383415
16589042
37120512
98495314
72302403
85255550
18895832
10456559
89698120
28725004
3170832
732302
29762407
73628505
78060096
32269855
1689516
71107816
41142615
61505339
97093037
30606547
93346024
66989694
66362965
31076103
42829885
84080939
68049471
1525329
83764996
86099788
66926224
49064413
32541773
16430187
76305638
56433456
4081094
43434803
29491031
99517131
78243409
78697395
14778250
65475294
51275027
93788854
95281259
51838385
87997872
26205777
41462083
63391643
33977496
27125110
63519819
36361633
76075810
69196160
31786629
91781589
35316708
71625222
83675475
57182235
82003859
69572024
79875176
90960358
42386471
15270885
16392422
65458948
91842653
89997728
15259703
53582587
75372290
94256039
35686188
42348802
25573054
4206964
19252988
46461247
46918794
39111158
33184167
79759861
75622824
55013285
34853266
76806714
78984772
54752875
83228073
94119974
72842870
56789759
83235263
60806437
7602840
32752319
67934141
22431243
22702055
82999629
85936485
56747793
70368879
75347539
46571052
35752363
39774685
15052462
14898066
12607053
13945283
54539105
75953262
90873992
5438492
56413937
66073051
23424603
93343894
38992735
9786492
43487744
15150365
81383947
1571945
77754944
87796900
57116033
98585345
92944626
31447217
75946257
78010363
80741828
42883273
56369281
35322812
6979239
73216412
6480253
62651957
2111707
91998119
99724761
65622692
70345785
76862289
59197169
3078576
13839120
4542651
51534754
25119460
64500000
51945556
81756897
69123138
83133491
24311372
16268841
47693640
31339260
88472456
86100785