86198326
24140059
21597117
32207100
3900605
41356845
62325062
12644061
46052429
18036057
70924884
64428736
3366982
1475311
89386122
36629203
99785935
67987611
29654737
79965360
53162898
31102447
94004268
89567993
712559
303660
5183693
42431843
34487429
300302022
31557782
10509340
92001300
1953925
18486927
83104731
39303359
56094445
56784842
89904598
9156135
85639257
6150044
17896384
50287060
22796548
300302023
980973
46384672
73879377
20277860
300202007
62633180
83715234
48305365
88819587
28486799
300103003
61528025
94853057
41925941
81480461
88610708
89091579
5053103
42233477
40133511
11761845
300302006
300202002
32452818
1474910
30587695
22996376
77207191
52497105
39256679
53606874
42129512
51562916
45547649
50896944
41426869
55761792
5405694
76792184
90654356
79409334
38670435
39507162
97023549
89041555
26302522
69537999
300302024
5464695
25880422
72580321
97783659
25551951
55969226
35282433
23995346
89631139
89631139
8715625
263926
2204140
14087893
52090844
74277583
63851864
71413901
17655904
78193831
78193831
3428069
17597059
300101003
52112003
300102003
91152256
28106077
82382815
18914778
13179332
7841921
4796100
64599569
16956455
92667214
40240595
300104004
65830223
10375182
43417563
40465719
31000575
300302025
21843307
26376390
13235258
8267140
23265313
74458486
38289717
53713014
15305240
31036355
78811937
95326659
69937550
32933942
21698716
68215963
32710364
7093411
95600067
35486099
87259933
8275702
96331676
10004783
82099401
300302026
47408488
28279543
94377247
77235086
3629090
91668401
300302027
10248389
70095154
1546123
76763417
80316585
12670770
3370104
2158562
39978267
90440725
63224564
49375719
3657444
82562802
40418351
77625948
41230939
80033124
3019642
300302028
43405287
8698851
89899996
24508238
7572887
28378427
48588176
11321183
53527835
65287621
674561
90928333
90980792
85313220
12817939
58206034
2314238
99789342
46986414
46986414
38033121
74713516
1102515
31829185
98502113
89558090
99261403
45462639
53982768
48768179
74153887
41930553
29876529
95286165
19159413
10209545
87621407
12262393
12079734
78613627
2326738
81977953
71200730
300201002
76263644
55461064
30757127
26964762
81866673
13093792
17132130
41613948
80744121
9411399
83965310
35464895
73481154
41940225
3493058
11961740
87880531
300302004
36733451
300104003
300203001
30492798
4141820
79997591
99721536
30325729
76922029
44436472
75652080
300103005
300202003
66672569
20638610
43250041
99050989
55773067
14506878
12493482
60082869
46508640
67105242
82828051
300101001
90219263
92755808
21844576
59793705
79979666
58932615
84327329
41517968
35809262
89252153
60493189
47737087
20721928
81197327
61204971
86188410
73872164
6390406
28649820
58818411
30531525
300302007
300302029
56916805
76909279
94716515
95051344
11460577
74131780
20586572
73507661
68396778
41392891
24874630
6178850
52503575
300201003
57103969
53581214
94804055
51282878
34460851
45231177
300202008
75560629
83812099
69599136
81439173
300302030
87430998
26931058
62337487
77454922
49681811
46181000
48206762
300302005
33550694
300302001
18511384
22829942
26902560
37684215
27967615
77565204
37955049
66889139
6368038
77491079
11549357
19737320
5818798
423705
57046845
37694547
54635862
13386503
72299832
97017120
13039848
13039848
38445524
45894482
36354007
84620194
18658572
63665875
53493204
14472500
87102774
74137509
13676474
60229110
22134079
25262697
99877698
62473983
50712728
300201005
25524823
3381441
93023479
58139128
63695531
99523325
99690140
48135190
32022366
54622031
10809984
13429800
46668237
300202004
68007326
300302008
18325492
73048641
88789641
26412047
5640330
91932350
27927359
54415063
12206212
52040216
75782277
39033131
5434080
45141013
23265594
300103001
47025270
76052811
300302031
22020907
52105192
300203004
70000776
300302009
54579801
21350571
8783685
97922283
96005454
11925569
22587018
2671330
300203003
300302010
300302032
28546905
15173384
41952656
7264861
25171661
300205001
3492538
22991179
37957847
91512835
25005816
36261276
300205002
73431236
34559295
300201007
300302011
300102004
300302012
90876561
44364207
98954106
83968380
77585513
77585513
55256016
16111820
44689688
48411996
62701967
62271284
51934376
34627841
76634149
52824910
54878498
80441106
36021814
64788463
300204002
56283725
37390589
40640057
88240808
97590747
90147755
79418153
300302033
77007920
300202005
87322377
102380
99747800
61854111
25280974
16475472
25290459
37721209
49587034
55226821
82324105
90790253
300302034
17985575
95231062
74003290
300302003
17658803
42940404
78349103
300302035
39996157
25518020
25769732
70406920
31034919
79870141
83746708
59344077
67227834
77414722
46474915
81210420
7802006
98494543
30608985
30208479
31560081
300302013
50755
36045450
77133792
17841166
300302014
4740489
93013676
54652250
38369349
77121851
71466592
44287299
82432018
28933734
56948373
57882509
48948935
25727454
27134689
7359741
46820049
86569121
86569121
71098407
65957473
26905245
68540059
89208725
90660762
64271667
37580756
300302036
300201009
300201006
88032456
15800838
300201008
34815282
22359980
75285069
27288416
1965724
22123627
50913601
82108372
1347977
68516705
15025844
300102002
70084224
14315573
4335645
16226786
89882100
300203002
54704216
300302015
71044499
17449108
10000000
19230408
79335209
64627453
90011152
8251996
12482652
90140980
40391316
37132349
42941100
24643836
38395123
45141844
14531242
78986941
39019325
72204747
3659803
300202006
73398797
14457896
62762898
19153634
300202001
24433920
48579379
4849037
58192742
71181155
34961968
7576264
63571750
26185991
88975532
24094653
24094653
52860176
300201001
300302016
77027445
300302021
300302037
13048472
300201004
66518841
82213171
26439287
72563071
41442341
66835946
87772572
25652259
37318031
94905343
90810762
300302038
79407975
79856792
63806265
34002992
37440988
51267887
12503902
60876124
31785398
65570596
74677422
74677422
44397496
70821187
32807846
17814387
75417459
64631466
31066283
34016756
70344351
300302017
78211862
30450531
300302002
300204001
34334692
54351224
83258273
20781762
30860696
91939608
91597389
300302039
93382620
93382620
54040221
300101004
49868263
24611934
13604200
66602787
32268901
46565218
16222645
1802450
81443745
22537443
26533075
23401839
66516792
300103004
3819470
58621589
300205003
40575313
33904024
56830749
52097679
3244563
87303357
14771222
55713623
42534368
90357090
8131171
60694662
73729209
88901771
65338781
46363422
27655513
126218
2504891
32274490
63035430
10000020
3797883
84650463
86318356
93377803
57617178
84696266
40384720
76297408
68005187
5758500
39041729
31553716
84636823
300302018
75014062
300103002
1669772
93260132
18807109
33245030
56051648
6691855
49328340
13522325
67957315
69112325
81385346
65810489
13210191
25173686
300101002
60764581
41006930
79816536
32854013
33951077
6849042
17626381
33057951
50277973
41872150
15383415
16589042
300104005
37120512
98495314
61405855
50005633
83682725
28725004
300104002
52367652
73680966
82386016
1689516
66989694
34694160
66362965
43973174
94861297
42671151
84136000
68049471
3643300
19801646
22610082
49064413
300302019
40703393
300302041
76305638
63125616
43434803
29491031
87557188
38479725
95281259
10000010
300102001
51838385
41462083
63391643
27125110
63519819
300204003
80987696
71625222
300101005
46457856
59383041
7171149
28112535
61190918
21296502
43509019
42386471
79447365
16392422
300204004
65458948
70560957
91842653
89997728
15259703
19252988
21420702
96383838
12181376
300202009
2903036
79759861
55013285
3149764
70050374
43586926
88132637
300205004
45939841
94119974
94568601
60806437
12652643
22431243
22702055
88494120
300302020
66399653
39778366
56747793
1784619
51638941
1353770
75347539
53839837
90434926
80402389
93130021
15052462
300102005
56043447
81020140
300302042
32543380
54514594
76459806
33365932
14898066
58859575
84243274
96300057
12607053
10813327
58169731
13945283
54539105
75953262
90873992
5438492
23424603
49669730
96643568
91996584
9786492
18756904
68427465
77754944
68815401
61166988
47766694
59744639
39175982
87796900
57116033
67775894
43140791
6480253
62651957
2111707
91998119
99724761
65622692
10315429
59197169
51534754
25119460
64500000
83133491
16268841
79852326
300104001
47693640
81616639
88472456
