11714098
83994646
23771716
86198326
40387124
77568553
21323861
41356845
8353769
38035986
36904469
70924884
64428736
3366982
99785935
17968114
91869203
95174353
67371383
40173854
42431843
93221206
81492226
43230671
14015067
36821538
17092736
49587396
86421986
48365709
89904598
42364257
58921041
48539234
95132338
86164529
85639257
12436646
40916023
75889523
15150371
50287060
14708569
36151751
53153481
9076207
36868108
15480588
16246527
17535588
20277860
63689843
40619825
48305365
89832901
88819587
36280194
61528025
86325596
6840573
81480461
67841515
10476868
89091579
72076281
5053103
18246479
55550921
40133511
6103114
84990171
46009906
99426834
29616941
16899564
32452818
94022093
77207191
39256679
25655502
16768387
53606874
65240384
8058240
7670542
58696829
50122883
41426869
65169794
11901678
87564352
28470714
70138455
32015116
25880422
34743446
20871001
35282433
53183600
23995346
89631139
41396436
21340051
12146024
48531733
57409948
21239280
98456117
68963107
91595718
81386177
9540040
16507828
74277583
20101223
6104968
6297941
24294108
18937875
78193831
78637313
16970158
97077563
47695416
11384280
72892473
57953380
62121
44209392
95727991
36468556
91152256
20228463
1248895
79323590
65393205
4031928
18914778
37421579
4796100
81380218
21888494
41218256
92667214
33413638
40240595
60682203
7565547
17375316
26376390
34290067
93889755
67494157
38289717
53713014
28358902
46696593
77998771
57728570
85802526
28279543
12470447
94377247
22026707
6400512
30655537
80316585
34124316
89112729
63224564
44865098
75559356
69015963
48766543
5494820
81057959
37043180
59983499
90925163
72520073
41949033
67049542
32344688
21417692
4614116
9159938
53129443
53375573
99789342
46986414
38033121
31829185
13193642
89558090
99261403
92377303
40196604
93599951
89494469
35565537
59784896
38247752
45895206
17881964
5388481
78861134
57579381
80168720
43500484
95286165
19159413
69122763
28593363
24128274
44763025
94212438
73481154
5616412
96967123
84257640
69893315
29948642
22959079
76446915
40826495
97843505
74701381
25882881
99721536
30325729
16972957
84916669
756652
24194033
50045299
55763552
28563545
9197735
1435851
66672569
70681994
32437102
13215230
88733579
473469
97973387
16353197
12493482
51228280
60082869
67105242
60866277
42578427
69954399
6367785
55875323
11324436
37820550
90219263
39897277
64154377
11250655
15237615
58818411
96355986
75376965
94716515
56606928
95051344
5556668
26725158
33396948
64511793
21598948
20315854
22419772
97687912
81563416
68401546
37160778
75582395
41392891
77456781
68870276
2863439
22855882
52800428
31890399
18591904
73134082
88435542
46534755
64752646
53581214
27132350
53293545
27054370
71407486
66788016
60862676
42599677
12883044
58528964
34460851
45231177
2830619
96890582
95952802
31987274
84834865
3134241
5628232
98252586
74923978
87430998
98818516
53830602
33550694
26902560
1641882
86281779
56594520
66889139
6368038
16229315
37313786
11549357
34536276
90844184
78577570
49888191
14977074
12800777
69780745
49258578
19737320
5818798
423705
69140098
49370026
24668830
95265975
41762634
95178994
72299832
97017120
58831685
41403766
13039848
42703248
96981563
98299011
8471389
33621868
45894482
51828629
84620194
78658564
4149689
11868825
67959180
53493204
15367030
7526150
11793047
79571449
74137509
10992251
13676474
2906250
82542267
16762927
61705417
33737664
27094595
85742772
55691901
54622031
13429800
22910685
61831093
53829412
95744531
58314394
90502999
65623423
55608151
89272878
47879985
73079365
55321970
31122090
80811661
7089711
84285623
99030164
20060230
76812113
12206212
18144507
52040216
21015833
5434080
19613556
52584282
89987208
64501875
54579801
46130346
96851799
81863068
46718686
76184692
10859908
69669405
98069388
38552107
64047146
67629977
43530283
8783685
15083728
46821314
5600127
30243636
80141480
15042735
38982356
2118022
62397231
21297224
20848593
81686058
28546905
61740673
94163677
54109233
3492538
23615409
96965364
91512835
7019529
16227556
28450915
3056267
98374133
52675689
4042268
21770260
21558682
83968380
26932788
41182875
14851496
90020065
77585513
32809211
94773007
55337339
41855169
30113682
24068492
15401633
80600490
76634149
94566432
68928540
9653271
41544074
84103702
48109103
45688586
23289281
54541900
81179446
62340868
1929294
20541432
88979991
84686841
69455834
4266839
1184620
32569498
19406822
67724379
76512652
56283725
37390589
85705804
40640057
60802233
95144193
88240808
97590747
99551425
67284908
90147755
17358176
38480590
9430387
75850803
87756343
94675535
77007920
90330453
42591472
87322377
20394040
7902349
44519536
61854111
12472242
4392470
10538007
55444629
62867251
49587034
55226821
27671321
23171610
93108297
55210709
68658728
42625254
34320307
99510761
81618817
3985011
81777047
62210247
56342351
92731455
98795934
38116136
25769732
46700124
79870141
43905751
83746708
62279055
77414722
96008713
46474915
81210420
64389297
53119267
30208479
31560081
93013676
79629370
9074847
27827272
99597615
40374923
93553943
54652250
80727036
49127943
13723605
38369349
29929832
71466592
44287299
82432018
28933734
20765952
29549364
56948373
57882509
77581312
10189126
75499502
59036972
50176820
63545455
94412545
34442949
7359741
76211194
21817254
22046459
7562372
75390004
23032273
86569121
53832650
48642904
44656491
75646520
9293977
55998462
68339286
68540059
50705071
90660762
64271667
37580756
83678433
47986555
32012841
7489323
32539892
46864967
1918087
6343408
44095762
22359980
33178416
19384334
7225792
36121917
84133008
83764719
93108433
97612389
35712107
15820147
45909477
58074572
55784832
33508719
79106360
57839750
50913601
4931562
31477025
46657337
40703222
69992868
14181608
93900406
56907389
54098121
62793020
25774450
47060154
68516705
98049915
18161786
49251811
83011278
63515678
15025844
36607978
35563539
32751480
30451366
83464209
5318639
70084224
61454890
94230224
81843628
14315573
1761063
43352213
90963488
50930991
78402798
88643173
58775978
22567609
7805359
71044499
17449108
2130625
12953226
56713552
74637266
86088138
19230408
45121025
3606209
33064647
66927994
58861941
19523799
2971090
82065276
2311603
74191942
21263083
42035044
50152549
27911549
62762898
76775123
20624263
24433920
36039163
93920745
48579379
4849037
38142739
75356564
58192742
77603950
61201220
24094653
55144522
55567161
77027445
33691040
70828912
549481
51371017
80234301
43711255
10071456
7892180
29155212
74703140
73081602
4179849
5901497
94905343
12580477
56260110
66719324
21347810
29402771
51267887
80516007
85309439
33066139
65570596
38199696
74677422
64335805
17814387
64631466
51482758
8951260
99518961
39399168
19827717
77622396
31709826
31066283
62403074
70903634
8124921
83555666
34016756
70344351
45778932
19066538
88279736
68846917
62193699
82818645
30860696
91939608
39004808
32485271
33950246
51452091
39239728
26378150
70046172
15303296
24611934
2964201
66602787
32268901
73051941
25955164
26202165
67532912
10352095
71746462
23659124
97809599
22537443
15507080
6740720
76232340
23401839
85448931
82742611
66516792
3819470
30778711
58621589
40575313
29267084
56830749
52097679
82878489
87303357
95956346
82085619
71950093
1557499
90357090
8131171
60694662
32355828
126218
98139712
2504891
6733059
5265750
10202894
32274490
54844990
8327462
95288024
30532390
78636495
40200834
68638985
3797883
596051
29802344
45986603
86318356
41420027
35346968
84794011
23471572
57617178
38942059
49218300
72869010
77527210
47852924
5758500
4920010
76103675
58551308
18807109
52121290
85326399
87511987
98075147
69832741
94772232
31893528
30170981
67287533
13522325
14037717
53530069
80770678
34690519
54615781
15866454
21175632
8201910
29172562
90908427
13599884
2370081
83225447
63432835
68171737
72269672
15023985
63102017
71068263
55291359
98434877
70781052
14644902
33951077
44072894
41422426
40453765
13069066
51345461
37120512
98495314
61405855
73911410
72302403
85255550
3573512
50005633
75646173
43641473
28725004
44073668
3170832
46247516
47922711
732302
57935140
60715406
52367652
32864
32269855
24348204
71107816
41142615
30606547
8944575
66989694
68400115
34694160
66362965
42829885
84080939
18710707
68049471
84926738
81820689
28003512
86099788
3643300
25109950
49064413
98898173
32541773
296499
16430187
76305638
63125616
43434803
29491031
10262698
87557188
18180762
65475294
51275027
93788854
6285791
63391643
27125110
63519819
78423643
33734439
31786629
15510988
49791927
35316708
71625222
62671448
33878931
82003859
46457856
69572024
59383041
65458948
91842653
15259703
80813021
71283180
18605135
53582587
75372290
42348802
4206964
46461247
46918794
78780140
39111158
77827521
79759861
45042329
72929454
17441953
37313348
59053232
29692206
60589682
78984772
54752875
94119974
57305373
83887306
72842870
56789759
21237481
60806437
80604092
22702055
82999629
56747793
97360116
70368879
1784619
48649353
75347539
56387350
95220856
35752363
50259460
39774685
94042337
15052462
78556320
14898066
12607053
13945283
63162310
90873992
56413937
23424603
3732747
55014050
93343894
2483611
66836598
27324313
37243151
72053645
96643568
91996584
92409659
43487744
15150365
2957055
77754944
92391084
59744639
47319141
98582704
39175982
87796900
57405307
42418084
92944626
31447217
78010363
80741828
36304921
42883273
49417509
17511156
17733394
12253117
73216412
69750536
17238333
29380133
10315429
70345785
76704943
59197169
71280811
41061625
17115745
30090452
10598400
81756897
69123138
24311372
31339260
88472456
86100785